3161447260
28431753312
33155125945
53718039868
54516567851
58109296943
69963338622
70510403065
81878157473
85353442026
89418728156
193122896881
271394905218
1018000510607
1150739488225
1349203640156
1400578524659
1587266691455
1657765636793
1712443292276
1743314880505
1813638642944
1863273035587
1948630357910
1983419991555
2033200068031
2037582838282
2180974753022
2471457248046
2506057141602
2707790539700
2753513767241
2823506695755
2854822718336
2860041682860
2951591069522
3071907392065
3151010134990
3183574483430
3464977396480
3766349912375
3819465156559
3955428147189
4027936822172
4123324456643
4552379509556
4613218589451
4660509572194
4713826304314
4732592916690
4806562434935
5085392291548
5089676602693
5390009952589
5481496762634
5579952013756
5646542075647
5678210498232
5760732576390
5918167655830
6101250114565
6170883699422
6315983473365
6358907810547
6369998382489
6539939187964
6651838142794
6671175124712
6707908416567
6709345220588
6906584603633
6939886056901
6972703883738
7072912008651
7287214511440
7376092762171
7381251570080
7406230509260
7416686095696
7520152427249
7973057450931
7977468038758
8018534374239
8027904971565
8067220027245
8126422543793
8159965675825
8174292196781
8513502003657
8644057633779
8882816510614
8946097522307
9086364715852
9201361904181
9403271326702
9466777457554
9636689980994
9748864650129
9777779492914
9898446979697