1:3,6,8,6,1,6,6,5,5,5,3,7,2,4,2,9,6,6,4,8,7,2,4,2,5,1,8,9,3,8
2:8,5,1,7,4,8,7,9,2,7,9,8,2,3,1,5,3,1,5,7,2,4,7,9,7,3,5,9,6,5
3:2,6,6,1,4,7,9,7,3,7,1,8,1,9,3,3,4,9,1,4,8,9,2,9,2,9,9,5,6,6
4:3,5,9,9,6,8,9,5,1,6,6,6,9,9,4,6,2,2,3,3,6,6,5,1,4,6,9,8,3,6
5:7,4,6,9,7,7,4,1,5,6,8,7,1,9,3,8,6,9,6,7,2,2,4,7,1,8,4,7,4,4
6:2,6,4,9,4,7,4,3,6,6,4,9,3,2,1,7,7,3,6,3,7,3,9,2,3,1,1,5,8,4
7:1,1,6,8,7,6,2,9,3,2,1,2,6,4,7,9,9,8,4,1,6,5,3,6,9,5,6,9,3,6
8:2,3,8,6,7,6,4,9,9,5,4,1,1,7,8,4,5,4,1,7,8,2,4,6,3,6,7,1,5,1
9:8,8,3,2,7,9,6,4,8,5,8,9,6,1,1,5,9,3,8,5,3,2,5,3,1,6,9,5,3,2
10:7,4,6,9,7,8,4,1,5,6,8,7,1,9,3,8,6,9,6,7,2,2,4,7,1,8,4,7,4,5
11:8,2,1,2,5,6,5,8,5,6,9,9,5,9,8,1,8,5,8,3,3,3,9,2,1,7,4,8,7,1
12:5,6,4,1,6,9,9,4,8,9,3,3,2,3,6,3,4,8,2,9,4,1,4,4,3,1,5,4,8,9
13:8,3,9,3,7,9,4,3,7,6,1,9,7,7,1,9,5,8,3,5,4,7,6,1,8,7,4,6,1,4
14:5,1,8,1,2,9,1,2,7,9,3,4,3,4,8,1,6,2,4,6,1,3,4,6,6,5,2,7,1,9
15:5,5,1,8,3,1,1,5,5,4,7,3,5,3,5,3,4,1,2,3,7,9,8,1,8,6,7,2,8,1
16:6,8,9,3,1,5,4,9,7,8,6,4,8,9,8,3,8,9,9,4,8,8,3,8,6,6,2,8,4,5
17:6,6,6,2,9,7,4,6,4,6,6,1,4,9,5,4,2,4,3,4,4,3,8,2,5,9,7,5,3,7
18:1,7,2,1,3,2,5,4,3,1,1,9,3,7,3,9,2,2,4,8,1,9,2,2,8,2,4,9,2,2
19:6,5,5,9,1,5,8,2,8,7,8,9,6,6,5,3,4,1,4,1,9,9,5,5,3,1,2,2,2,3
20:4,6,4,5,7,9,5,6,5,3,9,8,1,4,6,1,5,6,8,8,2,9,7,8,2,7,2,7,1,9
21:6,7,5,7,5,8,5,9,8,1,2,1,8,2,9,1,5,3,4,6,9,1,6,6,3,2,3,2,7,1
22:6,9,4,1,2,2,6,9,2,8,5,4,9,3,2,9,4,2,1,7,3,6,1,1,9,2,5,9,6,9
23:1,1,6,8,7,6,2,9,3,2,1,2,6,4,7,9,9,8,4,1,6,5,3,6,9,5,6,9,3,3
24:4,6,1,4,8,7,8,9,3,9,5,6,2,8,1,2,4,4,7,8,2,6,4,3,1,4,6,1,2,8
25:6,4,8,3,6,4,2,3,4,3,1,2,5,6,2,5,4,6,7,8,8,5,8,6,3,3,1,2,7,3
26:1,1,6,8,7,6,2,9,3,2,1,2,6,4,7,9,9,8,4,1,6,4,3,6,9,5,6,9,3,6
27:3,9,3,6,5,2,6,3,1,8,9,4,8,4,6,6,1,2,6,2,1,7,3,7,1,4,4,1,3,1
28:8,7,7,3,9,5,7,6,4,6,3,5,4,6,5,2,6,1,5,6,2,7,1,5,3,4,8,1,9,3
29:8,8,6,3,8,7,5,7,3,9,2,3,3,1,5,4,4,9,4,5,9,3,1,1,5,4,3,4,2,2
30:2,9,2,8,9,9,6,4,7,3,7,5,7,9,2,7,2,6,9,8,8,9,4,5,7,9,6,5,1,5
31:3,5,9,6,2,8,4,6,5,1,2,7,4,5,7,9,2,7,7,7,4,9,6,4,3,9,3,3,8,2
32:9,6,9,6,8,2,6,5,5,7,3,2,2,4,7,7,3,7,3,3,4,9,8,8,6,4,8,3,4,1
33:7,1,7,5,4,3,2,6,5,5,6,3,3,1,7,3,9,3,8,6,4,3,2,5,9,3,2,7,6,1
34:5,5,9,2,6,8,8,6,4,2,4,1,3,9,7,4,9,1,9,5,6,5,6,4,7,9,2,5,2,1
35:5,9,6,6,8,5,4,3,5,4,2,5,1,6,7,6,3,2,2,1,5,1,9,4,6,1,8,9,9,5
36:2,8,5,9,1,1,3,4,9,3,9,7,5,2,5,9,9,6,4,2,3,3,2,8,6,8,5,7,5,9
37:1,2,5,8,6,5,3,5,6,2,8,2,8,9,9,2,8,3,2,3,6,3,4,2,4,6,7,2,8,7
38:6,8,1,5,1,5,7,3,7,7,1,1,8,9,5,3,6,6,6,6,6,6,8,7,5,3,1,5,4,7
39:6,1,6,3,4,5,1,4,4,3,8,7,6,8,3,2,8,3,3,1,9,9,9,2,8,6,2,1,3,7
40:7,7,7,4,8,9,7,9,6,4,6,4,8,6,4,1,4,3,9,8,5,9,4,7,8,4,9,5,8,9
41:3,4,1,9,8,6,8,7,7,8,2,7,2,4,2,1,3,5,7,5,7,5,3,6,4,4,4,8,4,7
42:3,5,1,9,6,8,9,5,1,6,6,6,9,9,4,6,2,2,3,3,6,6,5,1,4,6,9,8,3,3
43:1,5,2,5,7,5,3,2,9,4,4,1,3,3,8,3,2,3,2,8,5,9,5,2,1,4,2,7,3,5
44:8,2,1,2,5,6,5,8,5,6,9,9,5,9,8,1,8,5,8,3,3,3,9,2,1,7,4,8,7,8
45:6,5,5,9,1,5,8,2,8,7,8,9,6,6,5,3,4,1,4,1,9,4,5,5,3,1,2,2,2,4
46:4,7,1,2,9,9,1,4,6,8,5,2,8,8,7,3,1,3,9,3,2,9,7,8,5,2,2,5,8,5
47:8,3,3,2,3,2,9,2,1,2,8,1,6,7,7,2,6,8,3,4,8,3,8,5,5,9,2,3,1,8
48:9,5,7,6,5,5,3,3,6,8,8,5,8,5,9,1,2,4,2,2,3,4,8,3,3,7,6,8,7,2
49:7,9,9,4,3,7,8,4,7,4,5,3,2,6,2,6,7,4,3,2,7,8,5,7,3,4,6,5,6,5
50:3,9,2,5,7,4,4,8,6,2,5,3,8,8,4,6,3,5,7,1,3,3,3,7,1,7,9,2,7,9
51:5,2,3,4,4,4,9,3,5,8,6,2,2,3,5,5,7,9,9,2,2,9,4,3,8,9,9,2,9,5
52:2,5,1,8,3,1,1,5,5,4,7,3,5,3,5,3,4,1,2,3,7,9,8,1,8,6,7,2,8,8
53:8,4,4,1,6,4,4,5,2,8,1,9,4,6,2,7,4,9,6,5,8,2,6,1,7,3,6,6,4,5
54:7,7,4,4,3,5,4,8,1,4,6,8,3,5,2,9,7,3,3,2,9,8,7,6,1,7,7,3,5,6
55:7,5,6,4,8,5,3,5,7,8,7,9,9,4,1,3,4,5,4,3,4,4,1,4,7,6,7,6,6,8
56:2,9,8,4,4,6,5,1,4,6,9,2,9,9,3,4,2,8,2,4,6,6,5,5,7,7,3,3,1,3
57:2,5,5,3,9,1,9,8,8,4,6,7,2,7,8,9,8,9,4,8,4,9,2,8,1,8,2,9,5,6
58:1,7,8,3,4,9,8,7,6,5,6,4,9,1,1,1,3,3,3,5,4,4,6,3,1,6,6,6,1,9
59:3,9,5,9,4,1,4,7,4,9,9,7,9,8,3,2,6,9,8,8,8,5,3,4,9,3,2,4,8,4
60:6,2,6,9,2,3,2,8,8,9,7,6,1,8,7,7,8,9,2,8,8,5,1,5,4,5,4,3,3,2
61:6,6,7,5,2,5,4,8,6,4,3,4,1,4,8,4,2,6,5,9,4,4,1,5,3,6,4,9,4,7
62:8,6,9,1,7,5,6,9,1,8,5,9,1,3,3,4,9,7,9,1,1,3,1,4,2,2,9,7,6,8
63:2,4,1,9,7,2,6,5,9,3,5,5,3,3,5,3,9,9,3,7,8,9,9,5,2,8,5,8,3,7
64:3,6,8,1,3,3,9,9,5,8,1,3,6,1,7,7,3,5,6,7,3,3,5,2,9,8,9,5,5,1
65:6,6,8,7,5,7,3,1,3,4,6,3,9,6,3,7,1,9,1,4,5,4,3,5,5,7,4,9,7,9
66:3,3,5,7,2,2,9,5,1,1,8,3,3,8,9,7,2,7,2,7,7,9,1,5,6,7,3,9,5,4
67:2,1,5,8,3,9,5,8,5,5,4,5,6,4,5,8,2,2,2,5,1,9,9,5,1,2,8,5,1,5
68:6,6,7,5,2,5,4,8,6,4,3,4,1,4,8,4,2,6,5,9,4,4,1,5,3,6,4,9,4,3
69:8,2,1,2,5,6,5,8,5,6,9,9,5,9,8,1,8,5,8,3,3,3,6,2,1,7,4,8,7,1
70:6,1,3,7,8,4,7,4,8,2,2,8,4,2,6,2,8,1,2,8,7,3,6,4,5,5,7,5,8,3
71:2,7,1,1,4,6,2,8,8,8,8,7,9,8,4,5,7,4,8,2,7,7,3,9,7,5,1,9,2,6
72:8,3,9,3,7,7,3,6,4,9,3,4,1,5,9,3,8,8,5,4,2,4,6,3,4,8,2,8,4,1
73:5,5,9,6,5,3,5,5,5,7,8,7,1,6,1,7,2,8,7,7,2,5,3,8,3,4,6,3,6,7
74:6,5,8,3,8,2,9,7,1,4,3,2,1,5,8,2,4,1,3,2,1,7,9,8,4,7,1,7,6,8
75:9,3,7,8,3,2,2,6,2,9,3,4,8,9,1,6,8,3,3,7,2,2,2,2,8,6,6,8,8,2
76:3,7,6,4,1,2,6,8,9,2,9,9,9,3,9,3,2,2,8,6,8,3,3,2,4,4,2,3,8,7
77:8,7,1,7,2,8,4,6,4,7,4,9,2,6,4,5,6,7,9,3,7,9,8,5,8,8,5,8,8,7
78:3,1,1,4,6,9,1,3,3,8,9,9,3,7,4,3,1,4,6,6,8,2,5,3,6,8,3,2,8,5
79:9,4,1,5,5,3,2,3,1,3,1,3,2,1,9,2,5,8,6,2,6,1,7,5,1,3,7,2,1,2
80:1,8,6,5,2,5,8,4,3,2,7,5,2,5,4,4,1,7,1,7,4,6,8,6,5,3,4,6,8,6
81:4,6,7,4,7,5,9,8,6,2,6,5,9,4,9,6,4,5,8,8,7,5,8,4,3,6,7,7,2,1
82:7,4,2,9,9,4,6,9,3,7,6,4,8,7,8,2,8,7,5,3,4,2,4,4,7,5,4,6,7,4
83:7,3,1,8,3,2,2,5,9,7,8,7,3,9,1,6,8,4,2,2,2,3,5,9,9,6,4,9,3,6
84:3,8,2,7,8,1,6,8,3,3,6,8,7,5,3,6,5,2,9,9,7,3,1,2,2,8,5,3,8,6
85:2,2,1,3,6,8,1,4,6,7,2,4,2,5,8,2,3,7,3,1,4,8,1,3,7,3,5,8,8,7
86:1,5,8,9,9,3,1,8,3,2,1,2,1,1,4,9,2,1,7,7,7,5,2,8,5,7,6,7,7,5
87:6,8,2,4,3,5,5,3,1,1,6,9,8,6,6,9,1,1,2,8,8,6,2,3,1,4,7,8,2,2
88:3,4,6,6,6,4,5,6,9,4,5,4,1,9,8,9,9,5,5,1,8,7,1,2,7,7,6,3,3,3
89:8,8,9,7,2,5,1,4,9,3,9,2,5,5,7,5,7,4,2,4,3,7,1,5,1,6,4,1,2,8
90:1,7,5,7,7,3,5,1,8,8,2,2,7,4,4,8,1,1,3,7,1,5,6,3,4,4,5,9,8,8
91:6,8,9,6,2,4,9,4,4,6,4,8,3,1,7,8,1,6,3,6,5,9,4,2,6,2,3,7,9,2
92:5,1,8,1,2,9,1,2,7,9,3,4,3,4,8,1,6,2,4,6,1,3,4,6,6,5,2,7,1,3
93:3,9,7,1,5,3,7,5,9,7,5,1,8,3,7,9,1,5,7,4,1,9,1,3,7,6,5,1,7,5
94:9,4,1,2,6,9,9,3,5,3,1,6,4,5,9,4,5,6,9,4,3,3,1,8,7,4,5,4,4,5
95:8,4,9,7,6,3,5,8,1,3,8,4,7,2,7,2,5,3,3,3,9,8,4,7,6,7,8,9,9,3
96:2,9,8,5,7,8,6,1,5,5,6,7,7,6,6,1,2,6,6,1,8,6,1,2,2,9,8,4,7,5
97:5,1,2,6,1,9,8,4,4,2,9,9,4,4,2,8,3,6,7,7,1,1,1,2,5,8,7,2,9,8
98:2,6,9,1,8,1,9,5,3,6,4,8,1,1,5,6,6,9,1,1,4,9,2,5,9,6,4,1,7,8
99:2,4,9,5,1,4,7,4,8,3,5,8,6,4,8,9,7,7,8,9,1,5,3,3,2,9,6,5,2,9
100:6,1,3,7,8,6,5,8,1,5,6,6,4,3,7,9,6,5,9,9,2,4,3,5,7,8,8,2,5,2
101:2,6,9,1,8,1,9,5,3,6,4,8,1,1,2,6,6,9,1,1,4,9,2,5,9,6,4,1,7,2
102:6,7,9,6,2,6,1,7,7,6,4,7,1,4,2,8,6,2,6,4,4,9,4,1,6,6,3,7,9,7
103:1,1,3,6,1,2,6,4,9,6,5,7,5,9,2,1,5,3,8,3,6,7,4,1,2,9,8,2,1,3
104:3,1,7,6,9,5,9,8,4,6,7,9,7,5,8,9,3,2,8,4,2,6,3,2,1,3,6,6,2,3
105:7,7,6,3,9,9,9,4,1,5,8,9,5,9,6,9,9,5,7,5,7,6,5,9,1,7,6,4,3,7
106:3,5,9,6,2,8,4,6,5,1,2,7,4,5,7,9,2,7,7,7,4,9,6,4,3,9,3,3,8,5
107:4,1,5,2,8,6,2,2,5,3,9,4,8,5,2,3,3,8,7,8,7,7,4,9,4,2,7,9,6,4
108:1,6,6,2,9,7,4,6,4,6,6,1,4,9,5,4,2,4,3,4,4,3,8,2,5,9,7,5,3,7
109:9,1,4,6,8,2,4,9,6,7,6,1,9,6,1,3,1,8,2,3,1,1,1,4,1,3,6,4,8,4
110:9,6,1,8,9,3,1,2,2,9,4,1,9,5,3,6,7,2,1,6,3,6,6,3,1,9,6,7,2,5
111:5,7,6,2,5,5,3,4,8,6,9,5,1,5,5,6,7,4,2,3,3,3,5,4,1,7,2,4,6,6
112:2,6,1,8,5,8,2,7,8,6,5,3,9,9,2,6,6,5,8,1,3,5,1,9,6,6,1,6,6,3
113:2,6,1,8,5,8,2,7,8,6,5,3,9,9,2,6,6,5,8,1,3,5,1,9,6,6,1,6,6,4
114:2,7,6,3,6,6,9,6,7,3,1,4,7,9,7,4,7,8,1,5,7,3,8,9,5,3,2,1,6,7
115:5,1,3,4,3,1,1,2,5,7,2,7,4,2,2,9,6,7,2,8,7,7,3,3,9,2,9,3,2,9
116:8,6,1,7,3,6,4,3,4,1,5,1,7,8,5,4,6,1,5,3,4,9,5,1,6,3,1,1,5,9
117:3,1,7,6,9,5,9,8,4,6,7,9,7,5,8,9,3,2,8,4,2,6,3,2,1,3,6,6,2,4
118:2,2,3,1,8,5,7,5,5,6,3,4,6,2,5,5,4,8,3,4,7,5,8,4,5,9,8,1,3,3
119:1,3,7,4,5,2,1,1,7,2,2,5,9,1,6,2,7,1,1,7,5,6,6,1,8,9,8,4,9,2
120:6,9,2,2,6,2,4,2,3,8,1,4,7,3,3,9,7,5,3,7,3,6,4,6,6,7,6,1,2,5
121:5,2,2,3,7,4,9,3,9,6,1,1,6,9,1,4,2,4,5,3,5,2,5,7,3,3,5,2,6,3
122:3,5,1,5,5,6,6,4,9,1,2,1,9,9,4,1,9,3,2,5,3,4,7,1,1,6,8,7,3,4
123:3,5,8,9,7,9,4,5,5,5,4,1,6,3,5,3,9,6,2,3,5,9,5,9,5,4,4,6,6,6
124:2,6,2,9,2,6,7,2,8,9,6,4,3,2,7,2,6,2,7,2,6,9,2,8,2,9,2,9,2,8
125:2,9,4,6,7,6,2,2,1,2,7,8,4,2,7,7,3,2,1,4,7,6,4,8,3,7,9,3,8,6
126:6,4,7,4,1,8,4,3,1,3,2,8,8,9,4,1,2,1,7,3,9,4,2,6,8,9,2,7,1,8
127:7,7,4,4,3,5,4,8,1,4,6,8,3,5,2,9,7,3,3,2,9,8,7,6,1,7,7,3,5,5
128:9,6,2,7,3,1,1,9,2,4,6,5,8,4,7,7,4,6,2,4,8,8,5,1,8,7,2,1,1,4
129:3,3,5,7,2,2,9,5,1,1,8,3,3,8,9,7,2,7,2,7,7,9,1,5,6,7,3,9,5,6
130:7,9,7,4,3,2,8,7,3,2,7,5,7,4,8,7,8,4,6,4,6,1,8,3,6,3,3,3,3,2
131:5,3,5,9,1,5,4,2,2,9,4,2,3,9,6,6,4,7,5,2,2,1,9,6,5,4,8,2,4,6
132:1,6,5,8,6,6,5,3,1,3,8,2,8,7,8,5,7,5,5,5,5,1,2,3,9,4,2,5,5,5
133:6,4,7,4,1,8,4,3,1,3,2,8,8,9,4,1,2,1,7,3,9,4,2,6,8,9,2,7,1,8
134:7,6,5,1,2,1,1,5,4,7,6,9,8,3,6,7,9,6,4,9,5,3,8,6,7,7,6,9,4,3
135:9,8,3,3,8,9,3,7,4,6,6,4,1,5,3,6,5,1,9,2,5,1,2,5,3,8,9,7,8,9
136:1,4,1,5,8,1,7,8,4,4,6,7,3,2,2,8,2,6,1,4,2,1,6,3,3,4,9,2,6,4
137:6,6,6,2,9,7,4,6,4,6,6,1,4,9,5,4,2,4,3,4,4,3,8,2,5,9,7,5,3,8
138:3,2,4,6,6,8,4,5,4,5,7,7,7,6,7,1,2,5,9,3,4,5,6,9,4,1,1,7,3,4
139:1,9,3,2,1,9,4,1,5,4,7,7,6,5,9,7,8,4,2,8,1,7,8,3,2,6,6,9,6,8
140:2,1,5,8,3,9,5,8,5,5,4,5,6,4,5,8,2,2,2,3,1,9,9,5,1,2,8,5,1,5
141:7,1,3,6,5,4,1,9,9,1,3,2,5,8,5,2,9,1,9,3,9,4,9,4,8,1,9,1,6,7
142:3,6,8,1,3,3,9,9,5,8,1,3,6,1,7,7,3,5,6,7,3,3,5,2,9,8,9,5,9,5
143:6,8,3,2,6,1,4,4,1,3,8,4,9,1,7,4,9,7,4,3,4,1,9,7,2,4,4,5,7,5
144:3,3,1,8,8,7,6,3,5,6,2,7,3,8,9,9,2,1,4,4,7,7,8,1,2,6,8,3,1,1
145:6,7,9,6,2,6,1,7,7,6,4,7,1,4,2,8,6,8,6,4,4,9,4,1,6,6,3,7,9,8
146:4,7,2,1,5,3,9,6,4,2,2,1,8,4,7,6,8,7,8,9,5,7,7,1,4,5,3,5,8,6
147:5,6,4,1,6,9,9,4,8,9,3,3,2,3,6,3,4,8,2,9,4,1,4,4,3,1,5,4,8,9
148:2,5,5,3,9,1,9,8,2,4,6,7,2,7,8,9,8,9,4,8,4,9,2,8,1,8,2,9,5,7
149:7,9,6,9,8,9,9,3,1,4,4,8,7,7,9,1,3,4,8,5,4,7,8,4,7,9,8,9,4,6
150:3,1,1,5,9,9,8,7,1,6,6,8,2,3,8,1,5,1,1,1,6,3,2,7,5,6,4,1,9,7
151:8,4,9,7,6,3,5,8,1,3,8,4,7,2,7,2,5,3,3,3,9,8,4,7,6,7,8,9,9,3
152:8,9,6,5,1,6,4,5,6,1,8,5,8,1,9,1,1,8,5,8,7,2,3,1,4,5,7,5,1,1
153:8,3,4,5,8,8,4,5,2,8,4,1,8,1,1,9,5,9,3,1,3,7,2,4,3,1,3,4,9,9
154:2,8,5,3,5,9,6,6,8,5,6,6,2,8,9,7,4,5,3,1,2,1,6,6,4,7,4,2,3,5
155:1,7,5,9,1,2,2,9,1,7,2,2,9,6,5,7,6,7,7,5,1,8,8,4,8,4,1,4,1,8
156:4,7,3,4,4,6,1,8,6,7,2,2,8,6,2,8,2,8,9,7,3,5,7,8,8,1,7,4,6,6
157:4,5,1,5,2,6,3,8,5,7,2,8,2,6,8,5,3,7,1,3,9,9,4,2,7,4,5,3,7,9
158:2,4,9,5,1,4,7,4,8,3,5,8,6,4,1,9,7,7,8,9,1,5,3,3,2,9,6,5,2,7
159:1,5,3,9,8,4,5,6,8,3,2,5,6,9,2,3,3,9,3,4,4,5,8,3,6,5,7,8,9,7
160:4,7,1,2,9,9,1,4,6,8,5,2,8,8,7,3,1,3,9,3,2,9,7,8,5,2,2,5,8,9
161:7,9,1,4,2,1,5,7,7,6,4,9,6,2,2,4,1,7,1,7,6,6,5,3,6,7,7,4,9,1
162:8,6,8,2,5,8,3,4,9,2,9,8,2,7,7,1,2,6,8,2,5,9,5,9,4,5,6,1,6,7
163:3,5,6,3,9,1,7,5,3,8,8,9,7,4,1,3,7,5,4,9,8,5,5,8,8,3,1,5,9,6
164:3,2,3,7,1,2,3,9,5,1,3,7,1,8,6,7,8,6,5,2,3,1,4,9,9,5,4,5,1,9
165:5,1,2,6,1,9,8,4,4,2,9,9,4,4,2,8,3,6,7,7,1,1,1,2,5,8,7,2,5,8
166:6,7,2,3,4,2,3,2,3,9,2,1,2,7,6,3,3,3,4,8,4,8,5,6,2,3,2,8,6,3
167:8,6,1,7,3,6,4,3,4,1,5,1,7,8,5,4,6,1,5,3,4,9,5,1,6,3,1,1,4,3
168:2,2,1,3,6,8,1,4,6,7,2,4,2,5,8,2,3,7,3,1,4,8,1,3,7,3,5,8,7,4
169:2,5,2,6,8,1,8,8,1,6,1,1,4,5,2,2,8,1,1,5,2,8,9,7,5,3,6,4,2,7
170:6,8,3,2,6,1,4,4,1,3,8,4,9,1,7,4,9,7,4,3,4,1,9,7,2,4,4,5,7,3
171:8,6,1,7,3,6,4,3,4,1,5,1,7,8,5,4,6,1,5,3,4,9,5,1,6,3,1,1,5,3
172:5,5,5,8,6,9,7,2,3,9,3,7,5,8,3,1,8,6,7,7,2,6,1,6,7,3,9,1,2,7
173:3,2,4,6,6,8,4,5,4,5,2,7,7,6,7,1,2,5,9,3,4,5,6,9,4,1,1,7,3,1
174:9,4,1,8,6,2,9,6,6,2,1,9,1,1,1,4,8,2,5,6,3,7,4,6,8,8,4,4,7,3
175:1,4,1,5,8,1,7,8,4,4,6,7,3,2,2,8,4,6,1,4,2,1,6,3,3,4,9,2,6,4
176:2,9,6,7,2,8,8,3,7,8,2,3,1,5,6,5,3,2,7,5,6,7,7,2,3,1,1,1,4,2
177:4,5,1,8,3,3,6,4,7,9,7,2,7,3,2,9,2,3,9,2,8,7,1,5,3,7,9,2,7,2
178:6,7,9,6,2,6,1,7,7,6,4,7,1,4,2,8,6,8,6,4,4,9,4,1,6,6,3,7,9,7
179:7,7,7,4,8,9,7,9,6,4,6,4,8,6,4,1,4,3,9,8,5,9,4,7,8,4,9,5,8,2
180:9,9,2,7,8,1,7,9,2,6,2,1,2,1,5,4,3,7,6,4,3,6,6,2,9,9,8,6,9,8
181:4,9,9,8,6,5,6,2,6,4,5,8,6,8,5,5,5,2,5,1,9,1,4,7,8,2,5,6,9,6
182:2,6,9,1,8,1,9,5,3,6,4,8,1,1,2,6,6,9,1,1,4,9,2,5,9,6,4,1,7,8
183:4,9,9,5,1,1,5,6,1,3,9,2,9,2,9,2,5,2,2,1,6,8,1,3,1,2,8,3,4,2
184:5,5,9,2,6,8,8,6,4,2,4,1,3,9,7,4,9,1,9,5,6,5,6,4,7,9,2,5,2,4
185:4,5,1,5,2,6,3,8,5,7,2,8,2,6,8,5,3,7,1,3,9,9,4,2,7,4,5,3,7,3
186:7,7,6,3,9,9,9,4,1,5,8,9,5,9,6,9,9,5,7,5,7,6,5,1,1,7,6,4,3,7
187:6,1,1,6,2,3,9,6,5,6,5,1,1,3,4,3,2,5,8,5,5,1,6,1,2,4,1,2,3,8
188:7,3,1,8,3,2,2,5,9,7,8,7,3,9,1,6,8,4,2,2,2,3,5,9,9,6,4,9,3,1
189:1,8,6,4,1,3,5,5,1,3,5,3,4,6,6,2,9,2,8,7,4,8,2,4,4,5,8,5,3,6
190:3,9,6,6,3,4,1,8,6,2,3,3,4,1,6,4,4,4,6,4,4,7,5,3,4,9,4,5,4,7
191:2,8,1,9,6,7,9,5,9,7,7,1,7,9,8,2,3,2,4,9,8,9,7,1,4,3,4,2,6,9
192:4,1,7,1,8,6,4,8,5,4,5,7,8,3,1,2,4,4,8,1,1,1,3,9,7,3,1,5,4,1
193:8,6,3,4,6,8,6,7,2,1,6,3,4,4,7,1,8,4,9,3,9,6,2,2,4,2,3,8,6,1
194:7,8,2,6,5,6,5,7,2,7,2,5,4,3,8,7,1,5,2,1,2,2,6,7,3,6,2,5,3,5
195:9,8,3,3,8,9,3,7,4,6,6,4,1,5,3,6,5,1,9,2,5,1,2,3,3,8,9,7,8,8
196:7,9,1,4,2,1,5,7,7,6,4,9,6,2,2,4,1,7,1,7,6,6,5,3,6,7,7,4,9,3
197:9,8,3,3,8,9,3,7,4,6,6,4,1,5,3,6,5,1,9,2,5,1,2,5,3,8,9,7,8,8
198:5,1,8,1,2,9,1,2,7,3,3,4,3,4,8,1,6,2,4,6,1,3,4,6,6,5,2,7,1,3
199:8,7,1,5,3,9,8,9,2,7,1,7,6,3,5,5,1,3,4,5,9,2,9,4,1,9,6,1,9,4
200:3,7,1,5,1,5,6,1,1,9,4,9,3,6,2,5,8,8,2,4,6,4,5,1,9,9,6,1,1,3
201:8,1,3,5,8,1,7,3,2,1,6,9,5,5,3,5,6,2,5,8,8,3,9,8,3,6,5,8,6,7
202:2,5,8,7,7,6,7,8,6,9,3,8,8,1,8,5,8,5,6,5,7,8,7,3,6,7,3,3,2,7
203:8,1,3,5,8,1,7,3,2,1,6,9,5,5,3,5,6,2,5,8,8,3,9,4,3,6,5,8,6,9
204:5,9,6,6,8,5,4,3,5,4,2,5,1,2,7,6,3,2,2,1,5,1,9,4,6,1,8,9,9,5
205:6,3,1,4,3,6,3,2,5,4,5,4,1,7,9,4,1,1,1,4,7,1,4,9,4,6,1,2,2,9
206:1,8,6,4,1,3,5,5,1,3,5,3,4,6,6,2,9,2,8,7,4,8,2,4,4,7,8,5,3,6
207:2,4,5,2,3,6,5,7,8,4,9,1,2,6,7,4,3,6,4,2,2,1,4,5,4,7,7,2,7,8
208:5,5,9,2,6,8,8,6,4,2,4,1,3,9,7,4,9,1,7,5,6,5,6,4,7,9,2,5,2,4
209:6,4,1,8,6,4,1,6,3,7,3,8,8,2,9,4,8,8,6,3,3,9,8,7,3,6,5,3,8,1
210:3,6,9,8,3,5,4,5,6,1,2,5,4,4,5,6,6,5,8,2,4,7,2,4,6,6,9,8,5,4
211:6,3,2,9,4,1,5,2,7,1,2,8,7,4,4,3,5,1,1,1,4,4,4,8,3,8,2,6,8,8
212:8,5,1,7,4,8,7,9,2,7,9,8,2,3,1,5,3,1,5,7,2,4,5,9,7,3,5,9,6,5
213:9,6,1,8,9,3,1,2,2,5,4,1,9,5,3,6,7,2,1,6,3,6,6,3,1,9,6,7,2,9
214:9,9,8,3,1,6,3,8,9,6,3,5,5,1,7,3,1,8,1,1,8,1,7,4,9,9,8,9,9,5
215:5,2,3,4,9,8,3,1,2,2,8,4,7,1,3,5,7,6,6,3,9,8,5,4,6,2,5,4,3,8
216:2,9,8,5,7,8,6,1,5,5,6,7,7,6,6,1,3,6,6,1,8,6,1,2,2,9,8,4,7,6
217:4,6,4,2,2,2,6,3,2,1,9,3,6,2,8,4,4,3,9,4,6,6,3,5,2,5,4,7,2,4
218:1,1,1,5,1,9,1,1,1,7,3,1,9,1,7,6,9,6,2,5,5,2,3,4,9,1,8,8,5,2
219:3,5,9,6,2,8,4,6,5,1,2,7,4,5,7,9,2,7,7,7,4,9,5,4,3,9,3,3,8,5
220:4,8,7,2,5,9,5,3,1,9,8,2,9,8,6,2,6,7,9,4,5,8,5,3,8,6,1,9,3,5
221:3,1,5,5,3,3,4,6,8,1,8,2,7,9,3,5,3,1,8,8,4,5,6,3,1,3,3,7,9,5
222:5,8,1,6,1,6,2,8,4,4,5,5,4,9,9,6,6,3,7,7,5,8,6,5,1,9,2,2,5,9
223:9,4,1,2,7,9,9,3,5,3,1,6,4,5,9,4,5,6,9,4,3,3,1,8,7,4,5,4,4,5
224:8,9,5,1,6,7,3,8,3,7,2,6,6,9,9,4,7,8,7,3,4,4,6,1,8,4,6,1,8,6
225:4,7,1,5,3,6,6,6,7,3,6,6,6,6,9,2,9,6,6,7,9,4,5,9,8,2,7,9,3,3
226:8,8,3,9,2,1,9,2,9,3,3,1,2,9,9,2,7,7,3,1,2,6,7,2,9,8,9,6,3,8
227:8,9,3,6,2,7,3,5,9,7,6,2,6,4,2,9,8,2,9,9,6,3,6,1,5,2,2,1,9,2
228:7,7,7,4,8,9,7,4,6,4,6,4,8,6,4,1,4,3,9,8,5,9,4,7,8,4,9,5,8,9
229:6,4,1,4,3,7,8,2,1,7,9,1,8,2,7,3,9,7,8,7,4,6,4,6,2,8,6,9,4,3
230:3,3,8,4,4,8,5,8,9,6,4,3,3,4,6,1,3,8,5,5,5,5,4,3,5,4,7,9,9,9
231:7,4,6,9,7,7,4,1,5,6,8,7,1,9,3,8,6,9,6,7,2,2,4,7,1,8,4,7,4,5
232:1,9,7,4,7,5,9,1,6,6,9,9,3,1,6,9,4,3,6,1,1,3,1,6,4,1,3,5,5,7
233:8,3,2,1,5,5,8,8,3,7,2,7,6,2,1,2,1,6,6,9,5,5,5,3,6,4,3,1,6,4
234:3,5,5,2,2,7,7,6,5,4,1,5,5,4,2,7,2,2,4,9,5,2,3,9,3,5,5,7,5,7
235:8,7,1,9,6,2,1,7,6,7,5,2,1,1,6,6,3,1,4,7,3,9,7,1,5,6,3,3,5,8
236:7,3,1,8,3,2,2,5,9,7,8,7,3,9,1,6,8,4,2,2,2,3,5,9,9,6,4,9,3,1
237:4,4,4,3,5,8,4,4,2,7,4,3,5,9,4,1,6,3,7,6,7,4,1,4,6,4,8,3,7,6
238:2,3,8,6,7,6,4,9,9,5,4,1,1,7,8,4,5,4,1,7,8,2,4,6,3,6,1,1,5,1
239:8,5,1,7,4,8,7,9,2,7,9,8,2,3,1,5,3,1,5,7,2,4,5,9,7,3,5,9,6,8
240:8,6,4,8,7,3,6,7,3,1,9,1,2,2,3,4,1,2,9,1,2,4,3,1,1,5,2,3,9,5
241:5,7,2,7,6,2,9,4,4,5,3,1,3,8,1,9,6,3,1,7,8,6,1,2,5,8,2,9,8,1
242:8,8,2,3,3,6,2,6,2,9,7,9,8,6,6,8,4,6,5,7,6,6,9,7,5,6,9,5,7,7
243:8,3,9,3,7,9,4,3,7,6,1,9,7,7,1,9,5,8,3,5,4,7,6,1,8,7,6,6,1,3
244:8,6,1,3,8,8,9,4,2,1,1,5,5,2,7,9,9,4,9,7,5,2,4,9,3,1,4,7,7,8
245:1,8,6,4,1,3,5,5,1,3,5,3,4,6,6,2,9,2,8,7,4,8,2,4,4,7,8,5,3,7
246:8,6,1,3,8,8,9,4,2,1,1,5,5,2,7,9,9,4,9,7,5,2,4,9,3,1,4,7,7,8
247:5,4,6,1,6,4,6,5,2,5,6,9,6,6,1,1,3,8,9,8,1,5,2,4,5,5,4,9,4,8
248:2,4,1,2,4,9,9,2,6,3,9,7,5,2,9,2,6,8,4,9,8,2,2,4,9,6,3,2,6,9
249:6,6,2,2,5,6,7,8,1,8,1,9,3,4,1,1,4,2,5,6,5,1,8,2,8,8,7,4,8,6
250:8,8,3,2,7,9,6,4,8,5,8,9,6,1,1,5,9,3,8,5,3,2,5,3,1,8,9,5,3,6
251:6,8,3,2,6,1,4,4,1,3,8,4,9,1,7,4,9,7,4,3,2,1,9,7,2,4,4,5,7,3
252:7,5,4,2,1,3,1,9,1,9,9,2,3,8,5,5,4,1,6,3,1,7,9,5,7,8,5,2,5,4
253:4,4,6,5,9,1,9,7,1,2,9,7,4,5,8,1,1,6,1,9,1,7,5,1,3,6,2,1,1,9
254:4,1,1,3,6,1,2,2,9,9,8,7,3,1,7,4,6,5,4,1,9,5,1,6,1,6,3,3,4,5
255:3,2,4,6,6,8,4,5,4,5,2,7,7,6,7,1,2,5,9,3,4,5,6,9,4,1,1,7,3,4
256:7,6,7,1,3,6,7,7,1,5,2,3,6,7,7,5,4,2,2,8,8,2,6,6,2,1,3,7,4,6
257:8,6,3,9,2,1,4,9,7,2,5,3,2,7,1,3,7,5,3,6,3,5,2,6,2,4,5,6,2,8
258:7,4,4,2,4,5,2,7,1,5,4,1,7,5,1,3,9,6,9,3,4,5,7,7,9,3,5,1,8,6
259:6,5,5,9,1,5,8,2,8,7,8,9,6,6,5,3,4,1,4,1,9,4,5,5,3,1,2,2,2,3
260:4,9,4,6,8,9,8,1,1,9,1,2,9,8,9,5,2,6,4,6,1,2,7,7,6,7,6,6,6,1
261:6,2,3,3,8,2,9,8,8,1,1,1,9,8,4,9,9,9,8,1,2,7,9,4,2,9,3,6,1,9
262:2,3,7,7,6,1,2,7,9,7,9,2,9,9,6,8,9,8,7,7,6,1,9,9,4,5,5,6,2,3
263:8,7,6,1,8,9,6,6,7,9,2,9,1,8,3,6,4,4,8,2,2,8,2,9,9,9,6,3,6,9
264:3,3,1,8,8,7,6,3,5,6,2,7,3,8,9,3,2,1,4,4,7,7,8,1,2,6,8,3,1,6
265:2,4,9,5,1,4,7,4,8,3,5,8,6,4,8,9,7,7,8,9,1,5,3,3,2,9,6,5,2,7
266:8,6,6,7,2,6,7,3,6,3,4,5,7,5,7,4,2,9,4,5,6,6,9,4,2,6,5,9,3,1
267:8,3,4,5,8,8,4,5,2,8,4,1,8,1,1,9,5,9,3,1,3,7,2,4,3,1,3,4,9,9
268:7,2,7,7,8,1,6,8,7,5,4,5,1,5,8,8,3,8,2,8,4,1,1,4,6,9,3,9,1,7
269:5,9,6,6,8,5,4,3,5,4,2,5,1,6,7,6,3,2,2,1,5,1,9,4,6,1,8,9,9,4
270:8,3,5,2,3,2,9,2,1,2,8,1,6,7,7,2,6,8,3,4,8,3,8,5,5,9,2,3,1,5
271:3,6,5,9,4,1,4,7,4,9,9,7,9,8,3,2,6,9,8,8,8,5,3,4,9,3,2,4,8,9
272:5,1,6,5,2,2,1,2,2,3,8,4,4,7,3,8,1,9,4,6,8,8,1,5,3,3,1,3,1,8
273:4,6,4,8,3,4,9,6,3,3,2,2,9,4,5,3,8,2,2,6,3,9,7,2,9,5,9,1,5,5
274:8,4,4,1,6,4,4,5,2,8,1,9,4,6,2,7,4,9,6,5,8,2,6,1,7,3,6,6,4,6
275:2,6,6,1,4,7,9,7,3,7,1,8,1,9,3,3,2,9,1,4,8,9,2,9,2,9,9,5,6,6
276:8,3,2,5,2,2,5,9,6,9,4,4,4,7,4,4,1,2,5,3,2,7,9,4,4,5,1,1,6,8
277:3,3,2,2,5,6,8,8,1,7,4,1,4,7,6,5,6,7,5,9,8,1,9,3,1,2,1,5,4,4
278:4,3,4,8,5,1,4,1,9,9,1,5,6,2,3,9,6,3,8,6,9,8,2,6,8,7,3,6,8,6
279:1,2,2,9,3,7,5,9,7,5,2,4,3,6,3,5,3,5,3,8,9,2,2,6,7,4,1,8,1,4
280:9,1,2,6,4,2,2,2,5,6,8,1,8,2,6,1,4,2,6,8,2,9,4,5,1,5,1,7,7,3
281:8,6,2,3,1,2,6,5,9,9,1,4,3,2,5,8,1,3,7,2,5,2,8,6,2,4,4,1,5,4
282:6,9,7,5,8,6,1,5,1,5,6,7,2,6,1,5,7,6,9,3,7,6,1,5,6,7,6,2,5,2
283:7,7,4,4,3,5,4,8,1,4,6,8,3,5,2,9,7,3,3,2,9,8,7,6,1,7,7,3,3,5
284:4,5,1,8,3,3,6,4,7,9,7,2,7,3,2,9,2,3,9,2,8,7,1,5,3,7,9,2,7,1
285:2,1,5,8,3,9,5,8,5,5,4,5,6,4,5,8,2,2,2,5,1,9,9,5,1,2,8,5,1,1
286:8,9,5,1,6,7,3,8,3,7,2,6,6,9,9,4,7,8,7,2,4,4,6,1,8,4,6,1,8,6
287:8,4,4,4,6,3,3,9,9,3,8,6,2,9,1,6,6,5,1,5,6,8,5,5,4,1,4,2,2,4
288:3,2,9,7,5,8,4,7,9,8,3,7,9,5,7,4,7,7,2,5,1,3,3,8,4,2,2,8,9,6
289:7,4,9,3,3,9,3,3,3,3,8,6,8,2,5,9,2,4,2,3,4,1,2,5,9,9,4,7,4,9
290:3,5,3,3,6,1,2,6,8,5,6,7,9,8,3,4,1,4,6,7,2,6,4,1,3,9,7,8,5,2
291:6,8,4,7,3,8,9,4,8,5,4,7,5,2,8,8,7,5,3,9,9,8,7,4,8,9,5,1,2,1
292:9,5,3,4,4,7,7,1,1,4,3,4,3,1,3,6,6,9,9,4,4,6,2,7,8,4,8,3,9,9
293:2,5,1,5,1,3,5,6,9,3,1,6,8,6,3,5,7,9,5,6,4,3,6,9,2,3,4,5,2,9
294:8,1,9,1,7,6,2,5,8,7,6,2,8,9,3,8,1,9,9,5,6,9,4,3,4,4,2,9,3,7
295:4,3,4,8,5,1,4,1,9,9,1,5,6,2,3,9,6,3,8,6,9,8,2,6,8,7,3,6,8,1
296:3,8,8,4,9,1,4,7,5,6,2,3,8,1,9,2,3,8,4,7,9,3,1,9,6,3,7,4,9,4
297:8,9,5,1,6,7,3,8,3,7,2,6,6,9,9,4,7,8,7,2,4,4,6,1,8,4,6,1,8,1
298:2,6,4,1,4,9,5,3,3,4,7,2,2,2,9,8,5,4,5,2,9,8,4,1,2,1,3,7,5,9
299:8,8,3,2,7,9,6,4,8,5,8,9,6,1,1,5,9,3,8,5,3,2,5,3,1,6,9,5,3,6
300:2,1,7,9,3,8,3,7,9,4,2,2,4,2,1,4,9,4,5,6,5,2,1,4,7,5,9,6,7,7
301:3,1,4,8,7,7,8,9,8,6,1,5,7,7,3,9,5,5,9,4,6,6,8,7,6,9,1,3,2,6
302:9,6,9,6,8,2,6,5,5,7,3,2,2,4,7,7,3,7,3,3,4,9,8,8,6,4,8,3,4,6
303:7,5,4,9,7,2,3,3,9,3,2,9,1,5,1,2,5,2,3,1,6,1,2,8,1,4,7,4,1,5
304:2,7,9,6,2,2,6,7,9,9,6,2,6,9,4,2,1,5,2,4,9,2,5,2,4,5,3,7,7,4
305:9,5,6,3,2,1,7,9,6,1,8,3,6,8,3,1,1,3,5,2,2,4,1,5,7,4,9,2,1,7
306:4,7,1,2,9,9,1,4,6,8,5,2,8,8,7,3,1,3,9,3,2,9,7,8,5,2,2,5,8,9
307:6,3,2,8,2,5,8,1,7,7,3,3,6,8,8,6,1,8,2,4,9,2,7,9,5,1,1,6,8,3
308:8,2,1,5,3,9,8,9,2,7,1,7,6,3,5,5,1,3,4,5,9,2,9,4,1,9,6,1,9,1
309:7,4,2,9,9,4,6,9,3,7,6,4,1,7,8,2,8,7,5,3,4,2,4,4,7,5,4,6,7,4
310:1,4,1,5,8,1,7,8,4,4,6,7,3,2,2,8,4,6,1,4,2,1,6,3,3,4,9,2,6,4
311:6,8,2,9,1,7,7,3,1,4,4,6,8,2,6,8,6,1,3,6,1,5,4,3,6,3,4,4,4,4
312:3,6,9,8,3,5,4,5,6,1,2,5,4,4,5,8,6,5,8,2,4,7,2,4,6,6,9,8,5,4
313:1,6,2,9,2,5,4,8,9,1,3,2,3,9,8,8,3,9,1,3,6,5,1,2,3,7,6,7,8,3
314:7,8,6,2,3,3,1,3,8,3,4,9,3,3,9,4,9,4,9,6,7,3,5,3,8,9,9,7,4,9
315:9,2,3,2,9,2,6,4,4,9,8,3,2,5,9,1,1,4,5,8,2,3,2,8,7,3,5,6,8,7
316:5,8,7,1,2,8,6,2,7,2,7,7,5,3,7,5,2,5,1,8,9,3,4,4,8,4,5,7,3,8
317:1,2,2,9,3,7,5,9,7,5,2,4,3,6,3,5,3,5,3,8,9,2,2,6,7,4,2,8,1,3
318:5,6,4,1,6,3,9,4,8,9,3,3,2,3,6,3,4,8,2,9,4,1,4,4,3,1,5,4,8,9
319:5,6,4,2,2,4,2,2,5,8,3,3,6,9,3,4,1,9,7,6,3,2,8,8,3,8,4,6,2,5
320:7,9,2,2,8,9,4,3,9,8,6,6,1,4,6,1,3,4,4,1,6,1,6,3,1,3,2,9,9,3
321:4,7,1,7,6,1,5,1,7,8,4,4,6,9,7,7,1,7,4,4,5,3,8,4,7,6,3,1,1,5
322:9,8,3,4,9,3,7,4,6,6,6,6,9,4,6,5,2,5,3,1,4,4,2,2,2,5,7,9,2,5
323:2,6,6,1,4,7,9,7,3,7,1,8,1,9,3,3,2,9,1,4,8,9,2,9,2,9,9,5,6,3
324:6,9,5,1,6,1,2,7,5,5,4,7,3,1,7,5,9,5,9,5,5,4,4,1,5,5,7,5,8,4
325:3,7,3,6,3,7,2,7,2,2,7,9,6,9,2,8,8,1,6,2,3,2,3,8,7,6,6,9,8,6
326:3,5,1,9,6,8,9,5,1,6,6,6,9,9,4,6,2,2,3,3,6,6,5,1,4,6,9,8,3,6
327:4,7,6,4,5,7,2,4,5,6,7,5,9,3,5,8,2,7,8,1,5,8,7,9,6,8,8,5,8,8
328:2,3,7,9,5,6,3,2,3,9,5,5,8,3,9,9,2,7,6,6,3,4,5,2,1,7,7,4,7,6
329:8,2,6,3,9,9,7,3,1,1,1,9,2,2,6,9,1,9,2,2,4,8,6,2,1,2,2,7,5,8
330:6,7,7,7,6,4,4,4,5,5,2,1,6,7,5,8,2,4,9,5,5,5,7,6,3,2,6,3,8,5
331:1,2,2,9,3,7,5,9,7,5,2,4,3,6,3,5,3,5,3,8,9,2,2,6,7,4,1,8,1,3
332:6,7,7,7,6,4,4,4,5,5,2,1,6,7,5,8,2,4,9,5,5,5,7,6,3,2,6,3,8,8
333:8,2,4,9,2,6,3,6,2,7,2,2,9,8,7,3,6,1,8,3,8,3,2,2,8,7,3,5,7,7
334:4,7,4,6,6,3,7,3,7,2,1,5,5,6,9,1,8,5,9,6,2,6,4,4,2,6,4,4,2,8
335:6,1,7,7,1,9,2,1,2,8,2,6,8,3,8,3,5,9,8,9,2,7,1,9,2,2,1,9,2,9
336:3,1,4,5,4,4,8,7,3,9,6,4,5,4,5,5,4,7,9,2,2,6,2,3,1,8,4,8,3,4
337:3,1,4,2,7,1,9,3,8,8,6,7,7,8,2,3,2,6,9,9,6,3,5,8,8,7,6,6,1,3
338:8,2,4,8,8,2,5,4,6,7,8,7,4,5,9,8,3,1,7,4,8,6,5,9,4,3,6,6,8,6
339:1,6,7,3,9,4,7,7,4,1,1,7,6,4,6,6,1,4,5,8,3,3,2,2,6,7,3,3,8,3
340:6,2,3,3,8,2,9,8,8,6,1,1,9,8,4,9,9,9,8,1,2,7,9,4,2,9,3,6,1,8
341:6,6,7,5,2,5,4,8,6,4,3,4,1,4,8,4,2,6,5,9,4,4,1,5,3,6,4,9,4,3
342:4,2,3,7,4,7,7,4,5,4,9,5,3,6,3,7,7,7,2,3,9,8,5,5,9,6,3,5,8,4
343:1,6,2,9,2,5,4,8,9,1,3,2,3,9,8,8,3,9,1,3,6,5,1,2,3,7,6,7,8,9
344:4,5,1,5,2,6,3,8,5,7,2,8,2,6,8,5,3,7,1,3,9,9,4,2,7,4,5,3,7,9
345:6,9,2,2,6,2,4,2,3,8,1,4,7,3,3,9,7,5,9,7,3,6,4,6,6,7,6,1,2,5
346:5,8,1,6,1,6,2,8,4,4,5,5,4,9,9,6,6,3,7,7,5,8,6,5,1,9,2,2,5,8
347:3,6,5,9,4,1,4,7,4,9,9,7,9,8,3,2,6,9,8,8,8,5,3,4,9,3,2,4,8,4
348:5,4,4,1,3,7,9,8,3,7,8,9,7,2,8,2,6,5,4,7,3,8,9,6,9,6,6,9,9,5
349:6,9,2,2,6,2,4,2,3,8,1,4,7,3,3,9,7,5,9,7,3,6,4,6,6,7,6,1,2,9
350:3,1,4,2,7,1,9,3,8,8,6,7,7,8,2,3,2,6,9,9,6,3,5,8,8,7,6,6,1,4
351:4,9,9,5,1,1,5,6,1,3,9,2,9,2,9,2,5,2,2,1,6,8,1,3,1,2,8,3,4,1
352:3,9,9,5,9,4,7,4,3,7,6,3,6,5,5,5,3,5,9,5,7,3,9,3,8,1,4,4,7,5
353:8,3,3,2,3,2,9,2,1,2,8,1,6,7,7,2,6,8,3,4,8,3,8,5,5,9,2,3,1,5
354:8,3,6,4,1,1,4,2,2,7,9,1,8,1,9,5,1,6,6,4,5,4,3,7,6,7,5,2,6,3
355:6,4,1,8,6,4,1,6,3,7,3,8,8,2,9,4,8,8,6,3,3,9,8,7,3,6,5,3,8,9
356:3,2,3,7,1,2,3,9,5,1,3,7,3,8,6,7,8,6,5,2,3,1,4,9,9,5,4,5,1,6
357:7,5,4,9,7,2,3,3,9,3,2,9,1,5,1,2,2,2,3,1,6,1,2,8,1,4,7,4,1,2
358:3,2,9,7,5,8,4,7,9,8,3,9,9,5,7,4,7,7,2,5,1,3,3,8,4,2,2,8,9,6
359:5,2,4,7,6,2,6,6,8,7,2,4,7,5,9,8,2,1,1,5,8,6,6,1,8,2,7,7,1,8
360:7,7,6,3,9,9,9,4,1,5,8,9,5,9,6,9,9,5,7,5,7,6,5,1,1,7,6,4,3,8
361:8,7,1,9,6,2,1,7,6,7,5,2,1,1,6,6,3,1,4,7,3,9,7,1,5,6,3,3,5,6
362:2,6,1,8,5,8,2,7,8,6,5,3,9,9,2,6,6,5,8,1,3,5,1,9,6,6,1,6,8,3
363:2,3,8,6,7,6,4,9,9,5,4,1,1,7,8,4,5,4,1,7,8,2,4,6,3,6,1,1,5,1
364:2,2,5,5,2,9,7,1,7,7,8,7,1,1,8,5,1,9,5,4,3,8,8,5,2,1,9,2,1,1
365:9,6,1,8,9,3,1,2,2,5,4,1,9,5,3,6,7,2,1,6,3,6,6,3,1,9,6,7,2,5
366:6,5,4,9,8,6,6,1,6,7,2,4,1,9,7,6,3,3,4,4,7,2,2,1,5,8,5,4,1,4
367:1,6,2,9,2,5,4,8,9,1,3,2,3,9,8,8,3,9,1,3,6,5,1,2,3,7,6,7,8,9
368:7,6,6,9,6,8,9,9,3,4,5,7,8,4,4,4,7,4,6,4,5,3,8,7,6,3,6,1,1,4
369:2,5,1,8,3,1,1,5,5,4,7,3,5,3,5,3,4,1,2,3,7,9,8,1,8,6,7,2,8,1
370:3,6,2,8,4,2,4,6,5,7,8,3,3,6,8,9,5,2,9,3,1,1,4,1,1,7,8,2,1,9
371:3,2,9,7,5,8,4,7,9,8,3,9,9,5,7,4,7,7,2,5,1,3,3,8,4,2,2,8,9,8
372:2,2,1,3,6,8,1,4,6,7,2,4,2,5,8,2,3,7,3,1,4,8,1,3,7,3,5,8,8,4
373:1,4,7,6,2,4,8,4,5,4,1,8,3,9,7,8,7,3,3,7,2,2,9,9,6,2,7,3,3,2
374:3,3,1,8,8,7,6,3,5,6,2,7,3,8,9,3,2,1,4,4,7,7,8,1,2,6,8,3,1,1
375:5,1,2,6,1,9,8,4,4,2,9,9,4,4,2,8,3,6,7,7,1,1,1,2,5,8,7,2,5,2
376:6,1,4,2,8,6,9,9,5,4,2,9,3,2,8,9,7,3,3,6,2,4,5,9,1,1,2,3,6,6
377:3,6,8,1,3,3,9,9,5,8,1,3,6,1,7,7,3,5,6,7,3,3,5,2,9,8,9,5,9,1
378:5,7,2,7,6,2,9,4,4,5,3,1,3,8,1,9,6,3,1,7,8,6,1,2,5,8,2,9,8,1
379:6,4,7,4,1,8,4,3,1,3,2,8,8,9,4,1,2,1,7,3,9,4,2,6,8,9,2,6,1,8
380:4,6,4,8,3,4,9,6,3,3,2,2,9,4,5,3,8,2,2,6,3,9,7,2,9,5,9,1,5,5
381:2,9,8,5,7,8,6,1,5,5,6,7,7,6,6,1,3,6,6,1,8,6,1,2,2,9,8,4,7,5
382:4,6,4,6,5,1,6,3,8,5,8,4,6,4,6,6,1,6,8,6,7,2,3,6,5,1,4,4,5,9
383:3,6,9,8,3,5,4,5,6,1,2,5,4,4,5,8,6,5,8,2,4,7,2,4,6,6,9,8,5,1
384:2,3,7,9,5,6,3,2,3,9,5,5,8,3,9,9,2,7,6,6,3,4,5,2,1,7,7,4,7,6
385:9,5,6,2,3,3,7,4,6,9,7,8,6,2,2,8,1,4,9,9,3,7,2,2,1,7,9,6,2,5
386:7,4,5,3,8,9,5,5,8,4,8,9,2,9,1,4,8,3,7,4,2,4,3,4,1,6,8,5,7,4
387:4,3,4,8,5,1,4,1,9,9,1,5,6,2,3,9,6,3,8,6,9,8,2,6,8,7,3,6,8,6
388:9,7,9,1,7,7,7,4,3,2,3,9,2,1,2,4,8,6,9,8,9,8,2,4,3,1,5,3,8,6
389:6,4,1,4,3,7,8,2,1,7,9,1,8,2,7,3,9,7,8,7,4,6,4,6,2,8,6,9,4,6
390:8,2,1,5,3,9,8,9,2,7,1,7,6,3,5,5,1,3,4,5,9,2,9,4,1,9,6,1,9,4
391:6,1,9,2,4,9,9,6,6,4,7,5,2,7,1,4,3,3,9,2,3,3,9,5,3,6,9,6,5,2
392:6,6,4,8,3,9,5,6,4,8,4,2,8,2,8,4,6,8,7,2,2,7,8,3,2,2,2,7,9,2
393:8,4,1,5,2,5,2,8,2,5,5,1,3,7,8,6,2,9,2,9,1,9,5,7,5,3,6,6,3,6
394:4,1,7,1,8,6,4,8,5,2,5,7,8,3,1,2,4,4,8,1,1,1,3,9,7,3,1,5,4,1
395:9,6,9,6,8,2,6,5,5,7,3,2,2,4,7,7,3,7,7,3,4,9,8,8,6,4,8,3,4,1
396:8,2,9,6,5,8,3,3,1,1,4,6,4,3,2,8,2,4,7,9,1,3,3,1,4,2,5,9,5,5
397:3,3,1,6,1,9,5,7,8,9,6,2,6,5,1,4,9,2,8,4,5,4,3,2,7,3,1,8,5,3
398:5,1,5,4,8,1,8,3,1,2,1,1,6,5,3,6,3,2,4,3,8,7,3,9,5,5,1,7,2,1
399:5,2,7,3,1,3,3,2,6,2,5,7,9,2,7,8,4,1,8,5,9,6,6,2,3,2,4,6,1,7
400:2,3,7,9,5,6,3,2,3,9,5,5,8,3,9,9,2,7,6,6,3,4,5,2,1,7,7,4,7,2
401:6,8,8,6,6,9,6,8,9,7,3,9,4,7,1,3,6,1,2,8,6,2,1,4,5,7,9,2,4,1
402:8,4,5,3,5,8,5,8,4,2,6,3,5,2,4,2,2,8,9,9,9,4,9,6,9,8,1,2,8,1
403:7,2,6,4,7,3,8,4,1,8,4,5,4,5,7,5,6,6,5,9,6,6,4,6,2,5,9,9,3,2
404:9,8,7,6,7,1,9,8,9,8,7,6,3,6,1,2,3,9,5,8,5,4,1,9,6,9,1,1,6,5
405:8,6,2,7,2,6,4,8,3,2,1,2,1,3,1,4,5,9,8,3,1,6,9,4,6,3,4,2,7,7
406:3,3,8,4,4,8,5,8,9,6,4,3,3,4,6,1,3,8,5,5,5,5,4,3,5,4,7,9,9,4
407:7,6,6,6,5,7,1,3,2,6,1,7,3,4,7,5,6,5,4,8,9,8,7,4,9,2,7,6,5,1
408:6,2,3,3,8,2,9,8,8,1,1,1,9,8,4,9,9,9,8,1,2,7,9,4,2,9,3,6,1,8
409:7,2,7,7,8,1,6,8,7,5,4,5,1,5,8,8,3,8,2,8,4,1,1,4,6,9,3,9,1,7
410:1,4,8,1,5,9,7,9,6,3,3,2,9,2,3,8,2,3,2,6,6,3,1,8,3,9,2,7,5,6
411:9,5,2,8,4,4,1,2,9,4,8,4,4,9,1,9,9,7,4,6,8,5,4,1,7,4,2,4,5,3
412:7,1,3,6,7,4,1,9,9,1,3,2,5,8,5,2,9,1,9,3,9,4,9,4,8,1,9,1,6,1
413:4,1,7,1,8,6,4,8,5,4,5,7,8,3,1,2,4,4,8,1,1,1,3,9,7,3,1,5,4,4
414:1,4,8,1,5,9,7,9,6,3,3,2,9,2,3,8,2,2,2,6,6,3,1,8,3,9,2,7,5,7
415:9,1,4,9,3,8,6,8,6,2,8,8,4,2,5,2,5,2,9,1,9,7,5,6,6,9,9,2,5,4
416:3,1,5,5,3,3,4,6,8,1,8,2,7,9,3,5,3,1,8,8,4,5,6,3,1,3,3,7,9,4
417:6,6,5,5,2,6,4,1,4,6,7,4,6,1,8,1,1,8,2,3,9,6,8,1,5,2,3,5,8,4
418:2,4,5,3,3,2,4,7,1,1,3,7,1,3,4,2,6,2,3,9,8,7,5,4,4,8,2,5,3,7
419:6,4,1,8,6,4,1,6,3,7,3,8,8,2,9,4,8,8,6,3,3,9,8,7,3,7,5,3,8,9
420:8,3,9,3,7,7,3,6,4,9,3,4,1,5,9,3,8,8,6,4,2,4,6,3,4,8,2,8,4,5
421:4,2,5,8,8,6,1,9,3,7,7,5,6,3,4,1,6,9,2,4,9,4,8,7,1,6,3,3,9,1
422:8,6,1,3,8,8,9,4,2,1,1,5,5,2,7,9,9,4,4,7,5,2,4,9,3,1,4,7,7,8
423:4,9,6,8,9,1,5,4,8,6,4,9,7,4,3,8,5,6,1,9,8,3,3,6,5,5,2,8,3,2
424:4,5,1,8,3,3,6,4,7,9,7,2,7,3,2,9,2,3,9,2,3,7,1,5,3,7,9,2,7,1
425:9,6,8,9,7,1,8,9,1,3,7,7,8,1,6,9,1,8,8,3,6,7,9,9,6,6,6,3,4,9
426:8,3,9,3,7,9,4,3,7,6,1,9,7,7,1,9,5,8,3,5,4,7,6,1,8,7,4,6,1,3
427:7,4,3,4,2,4,1,9,1,2,6,2,1,4,5,5,6,9,4,3,9,2,5,5,9,2,1,9,4,7
428:1,4,8,1,5,9,7,9,6,3,3,2,9,2,3,8,2,2,2,6,6,3,1,8,3,9,2,7,5,6
429:5,2,3,1,6,2,4,9,4,6,8,4,9,5,5,2,9,5,4,3,1,9,4,7,5,3,9,8,6,1
430:6,8,4,7,3,8,9,4,8,5,4,7,5,2,8,8,7,5,3,9,9,8,7,4,8,9,5,1,2,3
431:2,3,9,8,4,3,5,3,7,7,1,9,9,5,3,2,2,9,8,9,3,9,4,6,5,2,1,7,8,4
432:8,2,9,6,5,8,3,3,1,1,4,6,7,3,2,8,2,4,7,9,1,3,3,1,4,2,5,9,5,5
433:2,2,7,7,9,9,3,7,1,1,2,7,6,8,5,7,6,8,3,8,2,4,3,9,3,4,2,3,3,7
434:8,6,7,1,9,3,2,3,5,2,2,6,5,4,8,3,9,8,4,8,9,9,4,8,3,2,6,6,2,7
435:9,8,7,6,7,1,9,8,9,8,7,6,3,6,1,2,3,9,5,8,5,4,1,9,6,9,1,1,6,5
436:3,1,7,6,9,5,9,8,4,4,7,9,7,5,8,9,3,2,8,4,2,6,3,2,1,3,6,6,2,3
437:1,7,1,2,3,6,7,1,3,4,8,5,3,3,9,2,8,2,7,6,5,1,7,8,9,9,4,5,2,7
438:3,3,8,4,4,8,5,8,9,6,4,3,3,4,6,1,3,8,5,5,5,5,4,3,5,4,7,2,9,9
439:8,2,6,3,9,9,7,3,5,1,1,9,2,2,6,9,1,9,2,2,4,8,6,2,1,2,2,7,5,7
440:8,4,4,1,6,4,4,5,2,8,1,9,4,6,2,7,4,9,6,5,8,2,6,1,7,3,6,6,4,6
441:8,2,9,6,5,8,3,3,1,1,4,6,4,3,2,8,2,4,7,9,1,3,3,1,4,2,5,9,5,7
442:7,4,2,9,9,4,6,9,3,7,6,4,1,7,8,2,8,7,5,3,4,2,4,4,7,5,4,6,7,8
443:6,1,6,3,4,5,1,4,4,3,8,7,6,8,3,2,8,3,3,1,9,9,9,2,8,6,2,1,3,8
444:8,7,7,9,6,2,1,7,6,7,5,2,1,1,6,6,3,1,4,7,3,9,7,1,5,6,3,3,5,8
445:6,6,5,5,2,6,4,1,4,6,7,4,6,1,8,1,1,8,2,3,9,6,8,1,9,2,3,5,8,4
446:9,4,1,2,6,9,9,3,5,3,1,6,4,5,9,4,5,6,9,4,3,3,1,8,7,4,5,4,4,6
447:5,9,6,8,2,6,4,3,1,9,2,1,6,5,4,8,4,1,7,7,4,4,9,2,8,3,3,6,6,8
448:3,9,1,8,7,2,9,2,8,8,5,7,4,2,8,9,6,8,4,7,9,7,9,6,5,3,8,5,7,7
449:6,3,2,8,2,5,8,1,7,7,3,3,6,8,8,6,1,8,2,4,9,2,7,9,5,1,1,6,8,3
450:3,1,5,5,3,9,4,6,8,1,8,2,7,9,3,5,3,1,8,8,4,5,6,3,1,3,3,7,9,4
451:7,6,6,9,6,8,9,9,3,4,5,7,8,4,4,4,7,4,6,4,5,3,8,7,6,3,6,1,1,5
452:7,9,1,4,2,1,5,7,7,6,4,9,6,2,2,4,1,7,1,7,6,6,5,3,4,7,7,4,9,1
453:6,8,4,7,3,8,9,4,8,5,4,7,5,2,8,8,7,5,3,9,9,8,7,4,8,9,5,1,2,3
454:7,9,4,9,6,1,9,9,7,3,4,4,1,1,1,7,1,4,2,4,2,5,3,5,1,4,9,3,9,1
455:9,8,7,6,7,1,9,8,9,8,7,6,3,6,1,2,3,9,5,8,5,4,1,9,6,9,1,1,6,2
456:6,5,1,3,8,1,3,6,9,9,6,6,7,3,9,2,1,6,2,2,7,6,5,5,4,5,1,9,2,5
457:7,1,3,6,7,4,1,9,9,1,3,2,5,8,5,2,9,1,9,3,9,4,9,4,8,1,9,1,6,7
458:6,1,6,3,4,5,1,4,4,3,8,7,8,8,3,2,8,3,3,1,9,9,9,2,8,6,2,1,3,8
459:6,4,1,4,3,7,8,2,1,7,9,1,8,2,7,7,9,7,8,7,4,6,4,6,2,8,6,9,4,6
460:2,5,5,3,9,1,9,8,8,4,6,7,2,7,8,9,8,9,4,8,4,9,2,8,1,8,2,9,5,7
461:6,6,5,5,2,6,4,1,4,6,7,4,6,1,8,1,1,8,2,3,9,6,8,1,9,2,3,5,8,8
462:1,6,3,8,9,1,6,6,9,1,7,2,7,5,2,1,8,7,1,5,4,4,3,5,7,6,7,1,8,7
463:7,5,8,6,7,7,5,6,6,1,4,6,7,9,7,8,4,4,3,6,7,8,2,1,6,2,7,3,5,8
464:4,6,4,8,3,4,9,6,3,3,2,2,9,4,5,3,8,2,2,6,3,9,7,2,9,5,9,1,5,6
465:8,3,9,3,7,7,3,6,4,9,3,4,1,5,9,3,8,8,5,4,2,4,6,3,4,8,2,8,4,5
466:3,6,8,3,8,2,3,4,4,6,1,4,5,5,2,3,9,6,6,9,8,3,7,7,1,4,6,7,5,1
467:7,2,7,7,8,1,6,8,7,5,4,5,1,5,8,8,3,8,2,5,4,1,1,4,6,9,3,9,1,7
468:7,3,5,9,7,5,8,9,7,1,1,5,5,6,1,8,5,1,2,3,9,3,9,8,8,7,4,6,5,3
469:4,1,5,2,8,6,2,2,5,3,9,4,8,5,2,3,3,1,7,8,7,7,4,9,4,2,7,9,6,6
470:3,1,4,2,7,1,9,3,8,1,6,7,7,8,2,3,2,6,9,9,6,3,5,8,8,7,6,6,1,4
471:7,9,7,4,3,2,8,7,3,2,7,5,7,4,8,7,8,4,6,4,6,1,8,3,6,3,3,3,3,1
472:2,2,7,7,9,9,3,7,1,1,3,7,6,8,5,7,6,8,3,8,2,4,3,9,3,4,2,3,3,5
473:7,9,9,4,3,2,8,7,3,2,7,5,7,4,8,7,8,4,6,4,6,1,8,3,6,3,3,3,3,2
474:6,6,2,2,5,6,7,8,1,8,1,9,3,4,1,1,4,2,5,6,5,1,8,2,8,8,7,4,8,6
475:2,2,7,7,9,9,3,7,1,1,2,7,6,8,5,7,6,8,3,8,2,4,3,9,3,4,2,3,3,5
476:3,3,5,7,2,2,9,5,1,1,8,3,3,8,9,7,2,7,2,7,7,9,2,5,6,7,3,9,5,6
477:1,6,5,8,6,6,5,3,1,3,8,2,8,7,8,5,7,5,5,5,5,1,2,3,9,4,2,5,5,5
478:6,3,2,8,2,5,8,9,7,7,3,3,6,8,8,6,1,8,2,4,9,2,7,9,5,1,1,6,8,3
479:4,9,9,5,1,1,5,6,1,3,9,2,4,2,9,2,5,2,2,1,6,8,1,3,1,2,8,3,4,1
480:6,8,2,4,3,5,7,3,1,1,6,9,8,6,6,9,1,1,2,8,8,6,2,3,1,4,7,8,2,2
481:6,7,7,7,6,4,4,4,5,5,2,1,6,7,5,8,2,4,9,5,5,5,7,6,3,2,6,3,8,8
482:8,3,4,5,8,8,4,5,2,8,4,1,8,1,1,9,5,9,3,1,3,7,2,4,3,1,3,5,9,9
483:8,4,9,7,6,3,5,8,1,3,8,4,7,2,7,2,5,3,3,3,9,8,4,7,6,7,8,9,9,9
484:4,1,5,2,8,6,2,2,5,3,9,4,8,5,2,3,3,1,7,8,7,7,4,9,4,2,7,9,6,4
485:7,6,6,9,4,8,9,9,3,4,5,7,8,4,4,4,7,4,6,4,5,3,8,7,6,3,6,1,1,4
486:6,8,2,4,3,5,7,3,1,1,6,9,8,6,6,9,1,1,2,8,8,6,2,3,1,4,7,8,2,1
487:1,6,5,8,6,6,5,3,1,3,8,2,8,7,8,5,7,5,5,5,5,1,2,3,9,4,2,5,5,8
488:5,8,1,6,1,6,2,8,4,4,6,5,4,9,9,6,6,3,7,7,5,8,6,5,1,9,2,2,5,9
489:3,5,1,1,2,5,3,7,2,8,9,5,9,2,3,1,8,7,5,7,5,5,7,8,3,9,4,8,9,8
490:5,7,2,7,6,2,9,4,4,5,3,1,3,8,1,9,6,3,1,7,8,6,1,2,5,8,1,9,8,1
491:7,6,5,7,3,1,6,2,9,2,2,8,3,9,8,1,9,8,9,4,4,5,4,1,8,2,5,1,4,5
492:3,5,7,5,8,7,7,7,7,9,4,7,4,4,2,6,8,3,3,5,1,1,4,2,7,8,8,3,9,1
493:7,5,4,9,7,2,3,3,9,3,2,9,1,5,1,2,2,2,3,1,6,1,2,8,1,4,7,4,1,5
494:3,2,3,7,1,2,3,9,5,1,3,7,3,8,6,7,8,6,5,2,3,1,4,9,9,5,4,5,1,9
495:2,6,4,9,4,7,4,3,6,6,3,9,3,2,1,7,7,3,6,3,7,3,9,2,3,1,1,5,8,4
496:8,1,3,5,8,1,7,3,2,1,6,9,5,5,3,5,6,2,5,8,8,3,9,4,3,6,5,8,6,7
497:6,6,2,2,5,6,7,8,1,8,1,9,3,4,1,1,6,2,5,6,5,1,8,2,8,8,7,4,8,6
498:8,2,6,3,9,9,7,3,1,1,1,9,2,2,6,9,1,9,2,2,4,8,6,2,1,2,2,7,5,7
499:9,8,8,7,5,4,6,1,9,2,4,3,6,9,6,5,2,5,3,1,3,7,9,9,1,5,1,1,9,5
500:2,6,4,9,4,7,4,3,6,6,4,9,3,2,1,7,7,3,6,3,7,3,9,2,3,1,1,5,8,3