9145492735465735746987555939883163982141111378485316874772195886259378832446673267655279528198983491758948573237966235447243164223162321179356335465996443213697355511275386763967754692277887563287174568
8961317887869356933385769319521185121111111115777434478111111111147945631237671113633952296875926611111186221314469249586255136218111111111118318766483311111111453789295569821187992761731421111111111988
4866111111111225949351111111853962311115876411372875831112111111111849486111111351819262853738613119353117224531111114447333471111148116991684369349911152881611133544111115842711111535792111142217119158
9911111111111111141661116949112277111749466632318422882511158167311173962121111174885452829542794112143151385891472318457394521184255739299558534541116465213361167111117467397578111164861112938451287493
4711156726297511123182114661981672741126534751886312727259114628411136743121626116412371196442843114888199848814698617315135111661842876411112531161621857355451111145984576161811117743612311489327199842
9911747211352835113752521111325362237111195157924395879669291113721165322111939835313187224752875117158257434592576919895338417227791111375629359613953943769911556116614385225484543642569241115647851234
7711161443911115141191398547371172736328992899578338256857865243731178144211199235547119852111164711561334942842672414491965711111111949111111291115111111111114797521111111774811786695314886446944859539
1961111111111111156546891327196877551687331581813111111111434312711125342611118766699178964172661561113451792276742411289681121111911111118111581716122557691112814455335794541113875726877711126595577959
1231111111866671665386834471111111167535755142111111111111117177923736563111211828411218161147124449111531926111175871623159962728238731186411297914188237276168118824689281111115446826579111881118927914
6724464954413498872922925511222222113867933411111166845745116914961961111111111111111892729132385644346756331122195554111278312791197411273426951633964116258513653251871113346371717494211811317641916249
3444781747883841118718299112111111111156779111136532979492251681721111112213132411298299124711117786349627111222197568721177378111174311458136772647711121195826592699111513787769311771155898896432161964
5796157812979111111116449212141281289196771117928952953784694134211111412219143529374111238864638513588511111232172828294541611122113311593197937429413392519281211311369423422442633911163191267612178992
1534822277552117641211162911116168875138622111461529811111996873111635812217228273111121613724944683111111211232171875927311112222117515329335131456516666223988913141933911991481333817632393242159111252
7643111116659711848998891179111189388117639911111111112537799896115722112118266941112221562389411111111889911222111111111111112332168111788681923636111826838478115136111163589277766312824118765949113559
9631111111158724721915349126481111625237785763666297742812421534167553111178799111222321172811111161228258112111111111111968712322137116947117311569724111438434195474131899242396877119244114518663149393
6351157718112755893598768328268342135534421423153261111111896112141563111559411122233321311111744822767491111159375698357891112221158711117319576888353721111111129141918763277667558413416711834361246248
6311136298611386229419431116842413351186768188657111111111111352185511118951112223333221111221111111191111117351811119272211222211733331535861311144848954766877973446122168113326216212479751119111618228
3511114794643196994463111211119191511111111175351111714881121565174511836711222322222211111111111122111221971591211719271112232118665989777391112174851259759929817832981119981111386521475222211162195886
1811565738381711257911121111113965112111112111791213195296111669495425537112222221111115211366711111111121111183163367111112332113118417257111222182911111111151528912119934935611434981671233745189329142
9711122719322815129172121732111471121172511216291111858694211532442196111122211111489568922737155424641111112111133484456112222111111111111122222183711947911113871241389214831114263557689619859813395336
9551115541111277158218111791411267121989531212459111168959357768517111122211119296962581169138625794125978511112111145911111111111112211111223221141111748399211918834499476247229769953793286227955628833
7711114111422151889113411142271257111155731119669741111986441732661112221113954681469111111111111111169626938111122111111111779949511117141232211675681932214351274447414179325631295658899319111111111911
4864111111211729373762613111775453112171461125269536799111239437611222111921463121111162173447211611111112837697112222128852121136492143211232112928511252214281792395492421111193719714436221185275761891
7785561727177811111118729938111893611113573239678769523177655111112221115181994114762623844882713894363411114878411122117191221111194596112222184727418968588891849993371111111656251229466515874316531384
5181568475422111111111199246443173814211185857711111111138265911222211419255871391588983672111175427722894113669126112211714345465446611122211157443173985259781137111111952236829819718462716114355111578
1998443423231111585651168995248873334975646977111111111116497412222117942855719476665641111112671254711111193698981311221111682946111112221113562443555925331817764481126417971896378979622516693592459918
7758558128371116611298193418111111111365894851121962641217361112221172752445847981682111221148599911176979891982295291122211876745111222111362451111117294138589844578115811112196111111288822881982152844
6796421532358111951589429911111191111111142665121442561113911122211359961354217794981122221589566132681164351111116256112221453434171111164159585311281121346462373468811111242538192934111929443431543854
2937119496398711114613414524115372757111121449121184491148131223212883111698212643711223321154667181271171661148511859811221114935467117767281278381162411417514596193642444576231425478611656593772379324
5284164567541538811113317674111112533571111617112189211128611233214371111181619963612233322115589694511697411168596678231222211187579811528299971211432681125724317511111621532513379156113469964111111181
1856134693886242373568944344211115938999576416911111611421412233212635428984319731612233332211111111111262811268254762141123222111111111118754493474116286168532781122161111327219267521115561871361911143
4191156851114657776278114234255111111176583417311177611555812333216337223971646668211223333222222222221813511295991843644123332222222222211127614916918169117713117988781111179561293456264421313355131187
6681169371215466691111115711112619753375422229293761311423112333219291114679212773561122223333333222111111111269991132764123322222222211111281677166143382412938118947812211196432112539779166842633311174
5591113991217875611118855816996486779821113757623397871537912222211111111111554326867111122222222211111112217899248111469123321111111116129925652123828752813756414131181111516454596616488824191681481752
8281181111114225111547911918251931111111211111151865831281212211119189682411112263571846111221111112513712211392941111218123321761698652817546537741122879116523143588111181378589451111111365756129654118
6491134911131231117641437111781111222222222222111158748244612112121451733671111123347262881111326921271112221118142611142123321118776629111111111133211841129149781181271725793111111377811117751158251678
9797118111215573111614111557411222222111111122222111914492811118311162917429411111711639624311184111123912221126365811918123322118686154271288216114436111119279669692169228119114775191657116941264573679
9337911119428869711111133867112222111182547111122221111811115591111983713119121211111946671571995125498911111563236811865123332111448915286139488713729518936668111111114828171168641955571115385111163358
7883397424612978384631592111122221186789547113111122211112211111152786118797853231111114165883391943111111711563867115138123432221149467158788477911183126658111111767211174961616298171111698871112111451
1661714813113499295599296411223211646211111122722111122222215326785924116611161824461111111111111111111118711611561122827123433322112422441134361171252183889116242827461195921615711111375174461564481172
3975334211148711817179683411233212995153594721749852111122211643412284114244192459898841221111111111132987116331711476961123332222211671571371114382613998567194361668111882821977151427372519912177561149
6442516741543911316973349911223211541575572939398694232111111111563416619586616396957111211851376413867671111919115289911222222111111113752514356963411167438115145511138416146153727111111384918464411977
6328971511784211264115853871122211743331111111129436677954966548146711873431879471111121114596777816745811112581194393112232111114812557114878781111112111665911122434615978327468111119511113339765449967
5526162711111111819187478535112221131571122222111158474769496291117729935212111111221111438962398289886791185111121488112332155484421811111111152417122221112339165757544176534812111171786113561885756518
4781279211112113221113941895411222115444111122222111159785599953181724111111122222111939672817555297622281161917527497122332114939728111188951114242123322211112611151471111111147614323771167654423886566
1287419375111199111118811522631112211168917111122222111111111111111111122222222332172575755241111169986121846456724411123332124915412115321411588121123333222114748182111111111114911283127841869411167851
6812611984152415591712111336525411111111112815111112222222222222222221111111112232111111111111111615253111627135958112223432111514318143324118669311223333332211723861177347191118141119978349331114111639
1719831131561619591685711249421755221111111991836311111111222111111111155595511222222222221111712455111175393543471122333332221241252367881192516112222222333221156211816731361115984661111661111185691121
3522461151144679681117111195136924722755453739344177893751111172677442397735481123333222111596363311114611125114111122222222221563124722118441711122221112343322111111398463111112743752328725212271261662
9967631117836142261111117141111111362982659732681884598687769411111111871836497123322211189841571119713711421116112211111111111137114311179712311222211112333332216211184411176131778111118714885638311439
9119621117474711993811176751111111195471611111116985493435112283792511529197681122221118794573111573611172825211122116416831338942228197738626112222114312222223213471265717787511111111111198425681236757
7518419111689411185369311511441641119211311111111121688886852454565118336471111222111472717311518111116457398112211136454471598863274596932411122211128612111123211183331677143111111875641348983319917468
2411561111775348111919782118916611152775211791311469199611113285741156211111222111184964691112957114733166491122118696457811111171387543241112222116173211136123221259776371631111944811921768815673598437
8651135118788114116281269117151312118465931651581176951118753688112396111222211111121464571838511372214289111211166541788886111368883321111222211187132111347123321572254823591117756798536563268111125593
9225211169519115117719831273794311112931765163146198111265372911623811122221117399651127834323112521193431122112359811411118149176271111222221111535561119994123321179625611183111136624673524411151111377
3996125813342111119332331888797111316111111196322791111919381137181112222111248951899111119481988112975111221177787989915272312111111222221111973115131117667123321715393112129561111111123523118792881151
6473689671448881292686914615861158152111111596942631168221116363111222211139798768931512218551111561111122221581953776256111111122222221111737551211611144961123321765411122119624774286748759113785561166
2111852879167753969494815746348259961192411158779561144111122181122221117642477668222112118493842794112222221111111111111122222222211111275748113938111197261223321791112222213568593967266443174414771174
4313936768759292969771951416932417581425712189842647111745358811222211426559171725252121172393485411111111222222222222222222211111117825242231157381111822821233321111222333211641311111118198811321921153
8131511667111172415565492229718822561516612111518669484743621112221115487312713753111111821369111111323681222222222211111111115663529378911112644111118198111234322222222223221185111313371973333642111473
5587621789181141318828141111111945933524211166868811136824811222211653141139726549121117383711117217476111221111111111588815277313983694873961741111548642112234333222111123321164113439261118165797682744
8985461175112127411324112619291194122662511338749231638263112222111213117322114851111863341111133997111111111694936294262971111111111445498764111114756111122333322211116123322144113635877695531186668768
5947561135171117961134537982381123587372712913161211132641122221172661171522154211149941411122711111111119952734997534111111111111111111292111115618551112223322221117113123332129119315769522432691194716
2614351183116713111165329927911388929297122951129556126511222211617911588911285114915891111445871121115388474358489111476718194332812212531115934756111222333221111327374123432119411128334429771211114491
5211811242118815525111854211111398822148177911378697126412232111314118177114231195525411116991111111152992861839912111982362654455712118966888884591111112332211287263258123432154193438887158892911411132
7665116584911115285455111111384824195714211311877361167112322198911113811111111742287211145461121148941425911351911114492618644687111164692928713111111212322114418651134123432164469819464633892156371667
9395936399711191844571642825993611818311366711673131897122321159311531111435117251147111285111211748471133616494114616298643384111112727599266961116225112221175116321188123432196548941111121226146231397
6827171117948829984313562335538411115851116211975715124123321543517394113424248275493111817112217835217675117871198717534881111111398876774852111153231122211141115381116123332176921112864311163967432241
7471193238343897515586111199495111638111486671111147381123321144695993113872476111931115515122111524118791144411871219811111111139337725741711111621611222114238911911158123322126411718398381175923418286
4611927917231767711742893511119811212111738571547271151223321883387951111452744112261217891122175931159711481211356189224576921121162684311111125152112221124539311181141123321179117944843611344498231971
4211173111917177341115161431543681111159459537436535411233321315883775111449811111251216381222154311456281178714537911171615321112111111111119557311122211219567512111371223221438116435491111158922315525
7671861187432859641111162811754721574919839419371253781234321936111118711116111123751218751122124851185641181711896851215143411111111111557474178112222117849988111111871233211785319726452243793111111946
3441111154311684151871111118219819921811678155129166371234321481921118358111118797191118152122113525117131162314399675423931111361878265911195981122221115175511167119911232218188511996599644111822511773
1158456144312891173327514282577854777936391151711425891233321853149113117115521463134112863112216143211794157314861111111111134334731111186913111222111561957511734449812232119631361116775511744819116967
8429942976111562189578394494131411398393111116811952661223321566711113183652563116424111242311211584631111148313861111111671317129117341979211122221127371589211183777112322145979898277357115879291817157
3217784951128691135456161774579271124818838112221114361123321271111196911111111112616511111181121139194111674617685238985149589227462872611112222111747217572811114821122221193761114377541138253117245346
2179741511198111478939114691172661112316786311111189838123321126111535411597211749626451112761112116314788621116951619111111665582829992111222211118378934611111111211222211986111111164611691772525488129
5511481229111111241721514523152511128241985341214736992123322173111797111447124799145193111312711111111536451593284111118721113974475111122221112869881837118441766112222114691116487116211315618231645212
3513683455912279572292911473711111392781876648918431617122332112311185221165134958117689231111612122211111713537429854875423331461111122222111455441126223424465471122221152521176529311931111111162124887
8118317481659498619222217263878658388117111183111111778112222211781129465286118923111926228311111123222211111643751729796261111111222222111168815122111672878271111222211188412187659111735931333431111631
3176588166276521132615115227332495711875988486436461115111122221556115122429111317911165863771111122222222221111111111111111222222222111168751427389611171446661122221112936295114133981179614233911371794
7111699111659821122711114428539419111386582852729472118321112221143955655516211119821111373161981111111122222222222222222222222111111153811139111125411816837111222111417468356119919771148734241218971157
9151642165142614111113499891398815771114993281161111124966511222111366114449551111737171115381992643681111111111112221112111111156771941886311111218511745911122222158283212111118481111135927121154481167
4966811325111977511486258115385521723111111111111127853682961122221155111131425111116595118611511113414793185915911111511165354473589397211111111347111821112222211153574111111341531311674411673524981143
3144431193484131947982921899142819848761997147979494219872915112222111122111167451111111112519285131111111111851141754324611111185283111112111294498111111222221112247111912117482891897625931328544661558
5325191184981141117127551175431144854775111669882764751811139411122222222221111924213111193112338142799131221825611111111111884535311112211144133413111122222111739611234591141481388539591271175418311443
6837374114119312432697554111117277811232211846363111114211855468111222333322221111745238391917211111111111111588147511111212638211112211117334231111122222211117683161292411287857573181628544131651156278
9525194911137533371465613579651941911111111192451329911111591864121112222333322221111141489851155881111111324444346623182981111112222215768711111222222221116354211885311743697559111111166822111111898697
1872111632664563451111111497413682152452411651936324671827463712422511112234333322222111111114582314872751951842642911111111222222333211111112222232211111327166411111191165465111112536993685125324412324
8239511487397384311926317915327126451519523685767363445571644427761422111234444333332222222111111111111111111111111112222222233333343222222222333332111744738384365525638676611115691239844658361611111493
7214541246821648871164251716111882719398449928531571143331822292278752281233333333333333332222222222222222222222222222333333333333333333333333333332192863846733947253112615911113981871119124682113411749
6191141128176761785111175371417255411111111111111111111111111111111111111222222222222222222222222222222222222222222222222222222222222222222222222222111111111111111111111115773111111115959685934115231279
1594571115127232164724111116926561316452311111111111111111111111111111111111111111111111111111111111111111111111111111111111111111111111111111111111111111111111111117111514677558769564568213281135915893
5911991687148762219477954926991416147948371719671294231349691722794418792419362758312528765658847377222779315148874983672631778132942313499744821397495485677851114148931133622589771111111115481131589323
3291111953311851181816393694618434544711551287341111111151123211112349419698141111524265144811111295419134423391722553351111182446737594111498539746716111111119657628111111189546711435386611853182353814
3621646862811111171345481111722164844719119434111839111113111125911112332811111111111293751185778111562623291112445314111111111169671111111111155555111111177811672541195711111112114733759331493115841414
8941367742433311145639615411113915169137511811396234691159119895161115336124961916121549211434517218196816913684119251125372821115821146475989116829811199661894572993136366113661119534444111263784274769
6616315248361644724872716951112851115542211361785825111269151981111695126366885711111597517149435134594831644181112891172874697686651943447548135951116699621899782667696418211622811111215299365275855494
8438123524487349951192699111196571119888111126513468193453971111576347924379111111514641384731665743725255112469611462115484878313291196518812531196114925711618267325752364915945581143645585269861646793
7541268131916794745221183568538657461141115191991318873851176615997276456339716321376131882792742411111149981111179971151132943137739111511511947681958611144774597776935399966673334899346818419111119578
4691367161981195123919311544488889793827892275562212951386118912763868238515436524891547754454533111272511365946891345583612368156567968611111114694961319624215111311351773111394137119496263941149511578
1471133337549139761686741818912111111136847625724111111111118791136111111331514172716161111111356114925621957238129929132415865194351211859571911111785116137357657119737116276783191911161315285193411458
3191785473271121219375111795836291249168111112215874334836711377117242931113137214747662216811155711524658185617968818812858151141691125238825585119152116571137433611127115825181566531364631775731811337
2591122696161528921174119329731931228234351117649789625294112843971172591117398129118362471115396682439318918741472274685711986115977132842981111118698111136115947251111169118611432411147612164589118537
7872111111112292477111176988971311111111197929258811111111515699683511111152555821395111111351841914776584382542111111111549318311111193582958467421733476111186132212899547925965611952793628511111143998