99999999999991397368820166991695414932176370801963309966783639703915753922292919525197243196266137126700602483183403325462387997867328473104941341548991618633697250426687598506
99999999999963519992672324013686744059213370436855622796139193519917983436893129135374646987520153823385558924443425475452774906505211999954779361472668886774517403292446591602
99999999999995919999179399164951232656199727448604714114962498886483039648663655901036534457546808772471137693012784387251280772209232071604966897274583447994003011137323808481
89999999999999999999999994556084561302086037892577020478450141125765818099572257966839057052769999976282694467400375700228053551004263303158708174064284907468951900227043091661
29999999999999599999993018256816325470939587928894122194083982045831637317787244939999999834999999995721599999930720798546286694149278184332697821835720913984230048194435274212
03899999999932299999995619283690482842136908440905841842167628792185116828322857739999999999999999999999999999997386369997108302433148531280534318613925549241926423735732363563
79999999999929303499996491735665885439373803646576315214253670891875478599999999999999999999999999999999999999999999999999854103654113035252481156730074042870235484449835023219
64499999955996303397158125759845044263272320970822100009990345703055465159999999999999999999999999999999999999999999999999976567993209397554860628746074019212970744169766885440
01999999923419729945718215148178758905316021559438060212676972428399996999999999999999999996979399994023299999999999999999999497159677801112096559828050316831821206246074507280
59999999942898714547319266977276389269313040635034244563802889999999999999999999996931899999756319999289319999949999999999999999999999637060876304655051120962765011181917841169
99999998258630707755998208675475094530015079435319152737046190236999999999999189999911671148798998532363183969636884999999999999999999849742456655078771901148289087852084495490
99999992999991899939745925274238083884657528171331932538860811747999999999803934894624573595770810870721391005215675999992999999999999972059957964047665956826079552619389174111
99999999999999999552072821554744917096419698179867484951779999999999994999939442617393845475630574249546824429899510599971417499999999999975243155546255307022670451770381213855
99999999999999994724137824260320596201008391854187081883989999999999949754536775115866454767291002768716439616814536706590414499999999999999999932793131296353220063503735221266
99999993219999996150853221424432977872353413891387972732529999999999991895183053103988026176297307660556341311323005075741543999999999999999999954767922186445983651583280716771
99999994114166196123447130995184485664590532434585598706999999999995810667796555866034466232206626612234832505033356794614815949877302999999999922264751361783379533303370271435
99999993660023387930784839660777253497148814343446162999999999999670408854297041082822323399374772806968042909505138975467772403802628999999999960336699125385116028907693833952
99999923488117958792339431857748712525158779367960499999999999997419792265679160833854590343621436467565061981740816864004711028475220699999999993994253579136737771242808493875
99999949308679233994422729121409396810767437815363800999999999662297171055982464430122386717363766510027069588498029937044720060999789999999999999999999902550934529221216240994
99999927810079682109510051567814804577669971544917955999994583778360539724044601684383681421887808910646913700553548564603840284335636999481999999999999996813829639452760638400
99999979994899905551838922313911817337780015471589999999987279465852561020042014785408499944991741884702220564564647007779543223647412769681079999999999993776879198818267654881
99999949999993656019327538604707917775153432732854999999999137760967737029538233957999999999999999991227723653638911457877046809999092031199583999999999952783015227639433019374
99999999999999869855770916586045277579230291958442699999326627306764701818801629999999999999999999999284282767571791380462421846978144264442743999999999695303211126861036727681
99999999999999346207570226031638943974721435325773799999084845314257250721539999999891323509849899999999956753559152006486329951139956212615799999999999889817499076419434494288
99999918899996003672522411065499711666322550091099999999968871733090723349999988312039386223877623939999999949216346772146571184619092511739799999999999999954222483253262772572
99999991198927856931951409048168601638372109400199999999911217786907684999999154728761665920475854793999999992314664849628011813800240353975241981039999999999999839363061359838
99999911750850937997627888990037551070969963597999999999128470303494072999988088306079226773560032853659299999792064198965595231479640403426168936172999999999999969811981187719
99999995468462660177057951953226608587642593046717999999255529106067685999922119033888884176630021949608399899999753395799369576474072627683170871552699999999999945111092713969
99999965297627996829694397818159427323816960882174999999925445241648639999851244888999999999226928890723574249999821754057304973179629572519949533372599999999999578421173866433
99999916992929997096640716326725210992937667706799999999271213897689919992404608888867143199992325459484028999999949474975630381767519002064511892199999999999996634226472119029
99999917999999444447516822540888037877981736929839999999623732161565249991228388888888841798999678607604902398799999162943953650997811603570961607599999999999945474722176924578
99999999999999993153612180122454471326499074567292729999938201461000709998858188888888884532199990263164760946799999686246389999555005825815296857675494899999999999585965269741
99999999999999987502197997972036717210371227811123199999992241806321863999640748888888888493629993694293551276999999487075493176835192680800158380078947939999999799996914178471
99999999229995311494225286460470382427092512439433999999344457694557808499934277888888888540119993655095620555480999895248505910080077277371525931107583999999999899999941811231
99999999974844374709980675589293036502261410881487999999999126210675400299998098523888886707369999044759687939977999995998723006083449593718865322397137633999999999999996443672
99999999929218069619937568316151553275450667121996774139999909442336744433999999999998866897049994515089491427699999997282830684572689205931510639195697205599999999999994977562
99999999921284991095991328801068680640355612619832941899999935952594040916975688888427479597399997894294414125499999994365913634355155732627188489443723199999999999999946328615
49999999995185226998556565953695148787935453188780532899999999927904280661502829034459214751999941181087406769944399991911663142611638728084713364944753999999999999999268829108
79999999995299917993846439672454348790583280151545807162219999946113320762055096918253849499999958678660931961245999999472684802012266425938336635717041499999999999910079199590
28759999999159999999647950114687100926447098530134916491119999999997822084822948756474945999999733089075118211999999999165706132723694370428375028282167399498999999995384211722
97749999999999999999850752362525729458395673270318881269779999999997599392869229363292999999926196939202946444938999947162570493601534307835663238451802283502139999999998786892
95331999999999999992133389637890503695090216482306248884036807499999999494999999599999999992457706742328991399914999966627389338392018227675381956702472169813221999999999936488
39999999999999704790354411362105474864563464076305756772334711699999999999999999999999961781477607419967232414889999999457301103974082119927837764239499743571957699999999999824
15999999999999993967097022145081254551975811296862273748297092402685899989999999999549613506314989814287444349999999999709878471610874685681224666433797816133721599999999999993
71999999999999994729530549139144705165839601871012720407032053880363005611299221112727700708842072510183825121999999997466729355744403617290057473971201165519296499999999999993
32699999999999999395434799466521496193055306919793948861365499685637275152271711675717005996261251388549611978999999811887420663795517565321150509619611792999999999999999999936
18981969999999999998999999999165769193238102870198984385826783297174235729447890035769467173037113048522179999999999136067218921691975099010464834148493393999999999999999999067
77929791499999999999499999999747759224184992438420978905045818695278592727511380031538582804827610211416499999999999429500960153264907117060467821343203675799999999999994998938
27289999013989999999999999996729273313587308424747584709611727105346026644670330640016202868666821586924469999999999174887861072400069813321432244186428199997239999999970069905
98164491582699999999999967125486476532502266902262019685810034470775439471333855342562581317987118021615199999999997823947883924200565011693247470074279259476388999999972343966
13042962341245999999999999142447434932863259234953019298397305667502751438227720171533740835876366029999999999952727347410027778192075801419913906032562277479211999999676999111
11717882371109999999999999570589424998972879236345138609051524625368417206535450772741439220109986999999999999936027831389418245321311404183680947513969132395274999999708891111
17489170951559999999999999999418999999956267987820804025474466931373394077044920514386145433917299971999999999999998185646348727559941417069074375149996255715639999999654999995
18729670181229999999999999999999999999932792319446257963902807570919623376942657562977710896748961416999999999947644912505194812187801016019354729325017557585829999999999999999
97694628422222499999999999999999999999923550689274497223163548439260258434217405127017642199999992699999999991155023236165605218728114330730544358170864301599999999999999999999
41450800466543633691059859999999999999999938689999954671862473910973582086366197352702079496999999999999968014751815838705238014721042646811095905622296099999999999999999999999
11719423174653343999439831999999999999999998099999993298792418465646689841138124999899918678299999999999771882054468626476408342909054854052340686778763892999999999999999999999
46762317241567005423421838799999999999999999999999952505089999981499749979985214609999999999999999999999896387299719622764682023570104596631270887678462159999999999999999999991
95704136574047743233277138299999999983999999999999994154733899992533615899999302599999999999999999999993455197821125391178889703700888740928675242972287799972499999999999994025
97516634328195167271575838199999999993749999999999999999999999999898032999999999999999999999999928749235936844141203856077840462846782785089976103682486891157335999999998179749
50075154730085586799267928419999999699907199999999999999999999999999999999999999999999999999992318592419996190371841327359123253332007018694056437119647343699336119999999953246
32169955451224304429999939464534999812421999999999999999999999999999999999999999999949999999999997170843933044668287788786191934746999554069587012629315283235807591899999999386
54566563995778956592111464798695499929388799999999993589999999999999999999999999999951729999997110594678340982267254790317383882007819619601350632192062238302936945799999999920
21834919470879813096591738114597929512434879999999989956189999999999987199999999994247879157356804012482578005215238708782319232584191593012599864075921728917589565612999999926
63657363076578494472252081335089741713175521999995919929689999999998984461999999999918128135747784970188032222568842441102685510924572726233338498677354352674031899998999999992
65745189657618707693586356677485730792466321827547993392286999999942751576384989309962409185131072889412478493958497429604473243694313802434175397072479999999134299999999999998
16223708857378213836994094454906437656666841014451999505577311442899491422376403938337224288543668530710952053578373521187322888378679595281825237726199999999966799999999999999
68709707560657331889445422768219659537365088731023861677151251362887752721129521013181257742169086285425918759196737125089095150282634493737273404801449999999299999999999999999
83466965097890577341254144853841083271886311405821670791574614700905134294856685499865447661049936835458200643630135184206000156245882967759144155381359999999999999599999999999
25066667551498729266574940053918310662507649965559052670933931004180313652592343397041346126997568092205791259557001357906443826691492495734726584799994839999998961999999999999
76645894119307811887615424722654118653787549776535580190725360521859750976058368821950175854579701828133237443392986274000936436805833699286364526991499519999885816399999999999
60207391835309267913088620075140224326317076108965204221487468616495949592989535770748029289111233232725390031857169732714032374906003063879999529907406375749926730899999999999